1	01	Optimal	1
1	10	Optimal	1
2	001	Optimal	2
2	010	Optimal	2
2	011	Optimal	2
2	100	Optimal	2
2	101	Optimal	2
2	110	Optimal	2
3	0001	Optimal	3
3	0010	Optimal	4
3	0011	Optimal	4
3	0100	Optimal	4
3	0101	Optimal	3
3	0110	Optimal	4
3	0111	Optimal	3
3	1000	Optimal	3
3	1001	Optimal	4
3	1010	Optimal	3
3	1011	Optimal	4
3	1100	Optimal	4
3	1101	Optimal	4
3	1110	Optimal	3
4	00001	Optimal	4
4	00010	Optimal	6
4	00011	Optimal	6
4	00100	Optimal	6
4	00101	Optimal	6
4	00110	Optimal	6
4	00111	Optimal	6
4	01000	Optimal	6
4	01001	Optimal	6
4	01010	Optimal	4
4	01011	Optimal	6
4	01100	Optimal	6
4	01101	Optimal	6
4	01110	Optimal	6
4	01111	Optimal	4
4	10000	Optimal	4
4	10001	Optimal	6
4	10010	Optimal	6
4	10011	Optimal	6
4	10100	Optimal	6
4	10101	Optimal	4
4	10110	Optimal	6
4	10111	Optimal	6
4	11000	Optimal	6
4	11001	Optimal	6
4	11010	Optimal	6
4	11011	Optimal	6
4	11100	Optimal	6
4	11101	Optimal	6
4	11110	Optimal	4
5	000001	Optimal	5
5	000010	Optimal	8
5	000011	Optimal	8
5	000100	Optimal	9
5	000101	Optimal	9
5	000110	Optimal	9
5	000111	Optimal	9
5	001000	Optimal	9
5	001001	Optimal	8
5	001010	Optimal	8
5	001011	Optimal	8
5	001100	Optimal	8
5	001101	Optimal	8
5	001110	Optimal	9
5	001111	Optimal	8
5	010000	Optimal	8
5	010001	Optimal	9
5	010010	Optimal	8
5	010011	Optimal	8
5	010100	Optimal	8
5	010101	Optimal	5
5	010110	Optimal	8
5	010111	Optimal	9
5	011000	Optimal	9
5	011001	Optimal	8
5	011010	Optimal	8
5	011011	Optimal	8
5	011100	Optimal	9
5	011101	Optimal	9
5	011110	Optimal	8
5	011111	Optimal	5
5	100000	Optimal	5
5	100001	Optimal	8
5	100010	Optimal	9
5	100011	Optimal	9
5	100100	Optimal	8
5	100101	Optimal	8
5	100110	Optimal	8
5	100111	Optimal	9
5	101000	Optimal	9
5	101001	Optimal	8
5	101010	Optimal	5
5	101011	Optimal	8
5	101100	Optimal	8
5	101101	Optimal	8
5	101110	Optimal	9
5	101111	Optimal	8
5	110000	Optimal	8
5	110001	Optimal	9
5	110010	Optimal	8
5	110011	Optimal	8
5	110100	Optimal	8
5	110101	Optimal	8
5	110110	Optimal	8
5	110111	Optimal	9
5	111000	Optimal	9
5	111001	Optimal	9
5	111010	Optimal	9
5	111011	Optimal	9
5	111100	Optimal	8
5	111101	Optimal	8
5	111110	Optimal	5
6	0000001	Optimal	6
6	0000010	Optimal	10
6	0000011	Optimal	10
6	0000100	Optimal	12
6	0000101	Optimal	12
6	0000110	Optimal	12
6	0000111	Optimal	12
6	0001000	Optimal	12
6	0001001	Optimal	12
6	0001010	Optimal	12
6	0001011	Optimal	12
6	0001100	Optimal	12
6	0001101	Optimal	12
6	0001110	Optimal	12
6	0001111	Optimal	12
6	0010000	Optimal	12
6	0010001	Optimal	12
6	0010010	Optimal	10
6	0010011	Optimal	10
6	0010100	Optimal	10
6	0010101	Optimal	10
6	0010110	Optimal	10
6	0010111	Optimal	12
6	0011000	Optimal	12
6	0011001	Optimal	10
6	0011010	Optimal	10
6	0011011	Optimal	10
6	0011100	Optimal	12
6	0011101	Optimal	12
6	0011110	Optimal	12
6	0011111	Optimal	10
6	0100000	Optimal	10
6	0100001	Optimal	12
6	0100010	Optimal	12
6	0100011	Optimal	12
6	0100100	Optimal	10
6	0100101	Optimal	10
6	0100110	Optimal	10
6	0100111	Optimal	12
6	0101000	Optimal	12
6	0101001	Optimal	10
6	0101010	Optimal	6
6	0101011	Optimal	10
6	0101100	Optimal	10
6	0101101	Optimal	10
6	0101110	Optimal	12
6	0101111	Optimal	12
6	0110000	Optimal	12
6	0110001	Optimal	12
6	0110010	Optimal	10
6	0110011	Optimal	10
6	0110100	Optimal	10
6	0110101	Optimal	10
6	0110110	Optimal	10
6	0110111	Optimal	12
6	0111000	Optimal	12
6	0111001	Optimal	12
6	0111010	Optimal	12
6	0111011	Optimal	12
6	0111100	Optimal	12
6	0111101	Optimal	12
6	0111110	Optimal	10
6	0111111	Optimal	6
6	1000000	Optimal	6
6	1000001	Optimal	10
6	1000010	Optimal	12
6	1000011	Optimal	12
6	1000100	Optimal	12
6	1000101	Optimal	12
6	1000110	Optimal	12
6	1000111	Optimal	12
6	1001000	Optimal	12
6	1001001	Optimal	10
6	1001010	Optimal	10
6	1001011	Optimal	10
6	1001100	Optimal	10
6	1001101	Optimal	10
6	1001110	Optimal	12
6	1001111	Optimal	12
6	1010000	Optimal	12
6	1010001	Optimal	12
6	1010010	Optimal	10
6	1010011	Optimal	10
6	1010100	Optimal	10
6	1010101	Optimal	6
6	1010110	Optimal	10
6	1010111	Optimal	12
6	1011000	Optimal	12
6	1011001	Optimal	10
6	1011010	Optimal	10
6	1011011	Optimal	10
6	1011100	Optimal	12
6	1011101	Optimal	12
6	1011110	Optimal	12
6	1011111	Optimal	10
6	1100000	Optimal	10
6	1100001	Optimal	12
6	1100010	Optimal	12
6	1100011	Optimal	12
6	1100100	Optimal	10
6	1100101	Optimal	10
6	1100110	Optimal	10
6	1100111	Optimal	12
6	1101000	Optimal	12
6	1101001	Optimal	10
6	1101010	Optimal	10
6	1101011	Optimal	10
6	1101100	Optimal	10
6	1101101	Optimal	10
6	1101110	Optimal	12
6	1101111	Optimal	12
6	1110000	Optimal	12
6	1110001	Optimal	12
6	1110010	Optimal	12
6	1110011	Optimal	12
6	1110100	Optimal	12
6	1110101	Optimal	12
6	1110110	Optimal	12
6	1110111	Optimal	12
6	1111000	Optimal	12
6	1111001	Optimal	12
6	1111010	Optimal	12
6	1111011	Optimal	12
6	1111100	Optimal	10
6	1111101	Optimal	10
6	1111110	Optimal	6
7	00000001	Optimal	7
7	00000010	Optimal	12
7	00000011	Optimal	12
7	00000100	Optimal	15
7	00000101	Optimal	15
7	00000110	Optimal	15
7	00000111	Optimal	15
7	00001000	Optimal	16
7	00001001	Optimal	16
7	00001010	Optimal	16
7	00001011	Optimal	16
7	00001100	Optimal	16
7	00001101	Optimal	16
7	00001110	Optimal	16
7	00001111	Optimal	16
7	00010000	Optimal	16
7	00010001	Optimal	15
7	00010010	Optimal	15
7	00010011	Optimal	15
7	00010100	Optimal	15
7	00010101	Optimal	15
7	00010110	Optimal	15
7	00010111	Optimal	15
7	00011000	Optimal	15
7	00011001	Optimal	15
7	00011010	Optimal	15
7	00011011	Optimal	15
7	00011100	Optimal	15
7	00011101	Optimal	15
7	00011110	Optimal	16
7	00011111	Optimal	15
7	00100000	Optimal	15
7	00100001	Optimal	16
7	00100010	Optimal	15
7	00100011	Optimal	15
7	00100100	Optimal	12
7	00100101	Optimal	12
7	00100110	Optimal	12
7	00100111	Optimal	15
7	00101000	Optimal	15
7	00101001	Optimal	12
7	00101010	Optimal	12
7	00101011	Optimal	12
7	00101100	Optimal	12
7	00101101	Optimal	12
7	00101110	Optimal	15
7	00101111	Optimal	16
7	00110000	Optimal	16
7	00110001	Optimal	15
7	00110010	Optimal	12
7	00110011	Optimal	12
7	00110100	Optimal	12
7	00110101	Optimal	12
7	00110110	Optimal	12
7	00110111	Optimal	15
7	00111000	Optimal	15
7	00111001	Optimal	15
7	00111010	Optimal	15
7	00111011	Optimal	15
7	00111100	Optimal	16
7	00111101	Optimal	16
7	00111110	Optimal	15
7	00111111	Optimal	12
7	01000000	Optimal	12
7	01000001	Optimal	15
7	01000010	Optimal	16
7	01000011	Optimal	16
7	01000100	Optimal	15
7	01000101	Optimal	15
7	01000110	Optimal	15
7	01000111	Optimal	15
7	01001000	Optimal	15
7	01001001	Optimal	12
7	01001010	Optimal	12
7	01001011	Optimal	12
7	01001100	Optimal	12
7	01001101	Optimal	12
7	01001110	Optimal	15
7	01001111	Optimal	16
7	01010000	Optimal	16
7	01010001	Optimal	15
7	01010010	Optimal	12
7	01010011	Optimal	12
7	01010100	Optimal	12
7	01010101	Optimal	7
7	01010110	Optimal	12
7	01010111	Optimal	15
7	01011000	Optimal	15
7	01011001	Optimal	12
7	01011010	Optimal	12
7	01011011	Optimal	12
7	01011100	Optimal	15
7	01011101	Optimal	15
7	01011110	Optimal	16
7	01011111	Optimal	15
7	01100000	Optimal	15
7	01100001	Optimal	16
7	01100010	Optimal	15
7	01100011	Optimal	15
7	01100100	Optimal	12
7	01100101	Optimal	12
7	01100110	Optimal	12
7	01100111	Optimal	15
7	01101000	Optimal	15
7	01101001	Optimal	12
7	01101010	Optimal	12
7	01101011	Optimal	12
7	01101100	Optimal	12
7	01101101	Optimal	12
7	01101110	Optimal	15
7	01101111	Optimal	16
7	01110000	Optimal	16
7	01110001	Optimal	15
7	01110010	Optimal	15
7	01110011	Optimal	15
7	01110100	Optimal	15
7	01110101	Optimal	15
7	01110110	Optimal	15
7	01110111	Optimal	15
7	01111000	Optimal	16
7	01111001	Optimal	16
7	01111010	Optimal	16
7	01111011	Optimal	16
7	01111100	Optimal	15
7	01111101	Optimal	15
7	01111110	Optimal	12
7	01111111	Optimal	7
7	10000000	Optimal	7
7	10000001	Optimal	12
7	10000010	Optimal	15
7	10000011	Optimal	15
7	10000100	Optimal	16
7	10000101	Optimal	16
7	10000110	Optimal	16
7	10000111	Optimal	16
7	10001000	Optimal	15
7	10001001	Optimal	15
7	10001010	Optimal	15
7	10001011	Optimal	15
7	10001100	Optimal	15
7	10001101	Optimal	15
7	10001110	Optimal	15
7	10001111	Optimal	16
7	10010000	Optimal	16
7	10010001	Optimal	15
7	10010010	Optimal	12
7	10010011	Optimal	12
7	10010100	Optimal	12
7	10010101	Optimal	12
7	10010110	Optimal	12
7	10010111	Optimal	15
7	10011000	Optimal	15
7	10011001	Optimal	12
7	10011010	Optimal	12
7	10011011	Optimal	12
7	10011100	Optimal	15
7	10011101	Optimal	15
7	10011110	Optimal	16
7	10011111	Optimal	15
7	10100000	Optimal	15
7	10100001	Optimal	16
7	10100010	Optimal	15
7	10100011	Optimal	15
7	10100100	Optimal	12
7	10100101	Optimal	12
7	10100110	Optimal	12
7	10100111	Optimal	15
7	10101000	Optimal	15
7	10101001	Optimal	12
7	10101010	Optimal	7
7	10101011	Optimal	12
7	10101100	Optimal	12
7	10101101	Optimal	12
7	10101110	Optimal	15
7	10101111	Optimal	16
7	10110000	Optimal	16
7	10110001	Optimal	15
7	10110010	Optimal	12
7	10110011	Optimal	12
7	10110100	Optimal	12
7	10110101	Optimal	12
7	10110110	Optimal	12
7	10110111	Optimal	15
7	10111000	Optimal	15
7	10111001	Optimal	15
7	10111010	Optimal	15
7	10111011	Optimal	15
7	10111100	Optimal	16
7	10111101	Optimal	16
7	10111110	Optimal	15
7	10111111	Optimal	12
7	11000000	Optimal	12
7	11000001	Optimal	15
7	11000010	Optimal	16
7	11000011	Optimal	16
7	11000100	Optimal	15
7	11000101	Optimal	15
7	11000110	Optimal	15
7	11000111	Optimal	15
7	11001000	Optimal	15
7	11001001	Optimal	12
7	11001010	Optimal	12
7	11001011	Optimal	12
7	11001100	Optimal	12
7	11001101	Optimal	12
7	11001110	Optimal	15
7	11001111	Optimal	16
7	11010000	Optimal	16
7	11010001	Optimal	15
7	11010010	Optimal	12
7	11010011	Optimal	12
7	11010100	Optimal	12
7	11010101	Optimal	12
7	11010110	Optimal	12
7	11010111	Optimal	15
7	11011000	Optimal	15
7	11011001	Optimal	12
7	11011010	Optimal	12
7	11011011	Optimal	12
7	11011100	Optimal	15
7	11011101	Optimal	15
7	11011110	Optimal	16
7	11011111	Optimal	15
7	11100000	Optimal	15
7	11100001	Optimal	16
7	11100010	Optimal	15
7	11100011	Optimal	15
7	11100100	Optimal	15
7	11100101	Optimal	15
7	11100110	Optimal	15
7	11100111	Optimal	15
7	11101000	Optimal	15
7	11101001	Optimal	15
7	11101010	Optimal	15
7	11101011	Optimal	15
7	11101100	Optimal	15
7	11101101	Optimal	15
7	11101110	Optimal	15
7	11101111	Optimal	16
7	11110000	Optimal	16
7	11110001	Optimal	16
7	11110010	Optimal	16
7	11110011	Optimal	16
7	11110100	Optimal	16
7	11110101	Optimal	16
7	11110110	Optimal	16
7	11110111	Optimal	16
7	11111000	Optimal	15
7	11111001	Optimal	15
7	11111010	Optimal	15
7	11111011	Optimal	15
7	11111100	Optimal	12
7	11111101	Optimal	12
7	11111110	Optimal	7
8	000000001	Optimal	8
8	000000010	Optimal	14
8	000000011	Optimal	14
8	000000100	Optimal	18
8	000000101	Optimal	18
8	000000110	Optimal	18
8	000000111	Optimal	18
8	000001000	Optimal	20
8	000001001	Optimal	20
8	000001010	Optimal	20
8	000001011	Optimal	20
8	000001100	Optimal	20
8	000001101	Optimal	20
8	000001110	Optimal	20
8	000001111	Optimal	20
8	000010000	Optimal	20
8	000010001	Optimal	20
8	000010010	Optimal	20
8	000010011	Optimal	20
8	000010100	Optimal	20
8	000010101	Optimal	20
8	000010110	Optimal	20
8	000010111	Optimal	20
8	000011000	Optimal	20
8	000011001	Optimal	20
8	000011010	Optimal	20
8	000011011	Optimal	20
8	000011100	Optimal	20
8	000011101	Optimal	20
8	000011110	Optimal	20
8	000011111	Optimal	20
8	000100000	Optimal	20
8	000100001	Optimal	20
8	000100010	Optimal	18
8	000100011	Optimal	18
8	000100100	Optimal	18
8	000100101	Optimal	18
8	000100110	Optimal	18
8	000100111	Optimal	18
8	000101000	Optimal	18
8	000101001	Optimal	18
8	000101010	Optimal	18
8	000101011	Optimal	18
8	000101100	Optimal	18
8	000101101	Optimal	18
8	000101110	Optimal	18
8	000101111	Optimal	20
8	000110000	Optimal	20
8	000110001	Optimal	18
8	000110010	Optimal	18
8	000110011	Optimal	18
8	000110100	Optimal	18
8	000110101	Optimal	18
8	000110110	Optimal	18
8	000110111	Optimal	18
8	000111000	Optimal	18
8	000111001	Optimal	18
8	000111010	Optimal	18
8	000111011	Optimal	18
8	000111100	Optimal	20
8	000111101	Optimal	20
8	000111110	Optimal	20
8	000111111	Optimal	18
8	001000000	Optimal	18
8	001000001	Optimal	20
8	001000010	Optimal	20
8	001000011	Optimal	20
8	001000100	Optimal	18
8	001000101	Optimal	18
8	001000110	Optimal	18
8	001000111	Optimal	18
8	001001000	Optimal	18
8	001001001	Optimal	14
8	001001010	Optimal	14
8	001001011	Optimal	14
8	001001100	Optimal	14
8	001001101	Optimal	14
8	001001110	Optimal	18
8	001001111	Optimal	20
8	001010000	Optimal	20
8	001010001	Optimal	18
8	001010010	Optimal	14
8	001010011	Optimal	14
8	001010100	Optimal	14
8	001010101	Optimal	14
8	001010110	Optimal	14
8	001010111	Optimal	18
8	001011000	Optimal	18
8	001011001	Optimal	14
8	001011010	Optimal	14
8	001011011	Optimal	14
8	001011100	Optimal	18
8	001011101	Optimal	18
8	001011110	Optimal	20
8	001011111	Optimal	20
8	001100000	Optimal	20
8	001100001	Optimal	20
8	001100010	Optimal	18
8	001100011	Optimal	18
8	001100100	Optimal	14
8	001100101	Optimal	14
8	001100110	Optimal	14
8	001100111	Optimal	18
8	001101000	Optimal	18
8	001101001	Optimal	14
8	001101010	Optimal	14
8	001101011	Optimal	14
8	001101100	Optimal	14
8	001101101	Optimal	14
8	001101110	Optimal	18
8	001101111	Optimal	20
8	001110000	Optimal	20
8	001110001	Optimal	18
8	001110010	Optimal	18
8	001110011	Optimal	18
8	001110100	Optimal	18
8	001110101	Optimal	18
8	001110110	Optimal	18
8	001110111	Optimal	18
8	001111000	Optimal	20
8	001111001	Optimal	20
8	001111010	Optimal	20
8	001111011	Optimal	20
8	001111100	Optimal	20
8	001111101	Optimal	20
8	001111110	Optimal	18
8	001111111	Optimal	14
8	010000000	Optimal	14
8	010000001	Optimal	18
8	010000010	Optimal	20
8	010000011	Optimal	20
8	010000100	Optimal	20
8	010000101	Optimal	20
8	010000110	Optimal	20
8	010000111	Optimal	20
8	010001000	Optimal	18
8	010001001	Optimal	18
8	010001010	Optimal	18
8	010001011	Optimal	18
8	010001100	Optimal	18
8	010001101	Optimal	18
8	010001110	Optimal	18
8	010001111	Optimal	20
8	010010000	Optimal	20
8	010010001	Optimal	18
8	010010010	Optimal	14
8	010010011	Optimal	14
8	010010100	Optimal	14
8	010010101	Optimal	14
8	010010110	Optimal	14
8	010010111	Optimal	18
8	010011000	Optimal	18
8	010011001	Optimal	14
8	010011010	Optimal	14
8	010011011	Optimal	14
8	010011100	Optimal	18
8	010011101	Optimal	18
8	010011110	Optimal	20
8	010011111	Optimal	20
8	010100000	Optimal	20
8	010100001	Optimal	20
8	010100010	Optimal	18
8	010100011	Optimal	18
8	010100100	Optimal	14
8	010100101	Optimal	14
8	010100110	Optimal	14
8	010100111	Optimal	18
8	010101000	Optimal	18
8	010101001	Optimal	14
8	010101010	Optimal	8
8	010101011	Optimal	14
8	010101100	Optimal	14
8	010101101	Optimal	14
8	010101110	Optimal	18
8	010101111	Optimal	20
8	010110000	Optimal	20
8	010110001	Optimal	18
8	010110010	Optimal	14
8	010110011	Optimal	14
8	010110100	Optimal	14
8	010110101	Optimal	14
8	010110110	Optimal	14
8	010110111	Optimal	18
8	010111000	Optimal	18
8	010111001	Optimal	18
8	010111010	Optimal	18
8	010111011	Optimal	18
8	010111100	Optimal	20
8	010111101	Optimal	20
8	010111110	Optimal	20
8	010111111	Optimal	18
8	011000000	Optimal	18
8	011000001	Optimal	20
8	011000010	Optimal	20
8	011000011	Optimal	20
8	011000100	Optimal	18
8	011000101	Optimal	18
8	011000110	Optimal	18
8	011000111	Optimal	18
8	011001000	Optimal	18
8	011001001	Optimal	14
8	011001010	Optimal	14
8	011001011	Optimal	14
8	011001100	Optimal	14
8	011001101	Optimal	14
8	011001110	Optimal	18
8	011001111	Optimal	20
8	011010000	Optimal	20
8	011010001	Optimal	18
8	011010010	Optimal	14
8	011010011	Optimal	14
8	011010100	Optimal	14
8	011010101	Optimal	14
8	011010110	Optimal	14
8	011010111	Optimal	18
8	011011000	Optimal	18
8	011011001	Optimal	14
8	011011010	Optimal	14
8	011011011	Optimal	14
8	011011100	Optimal	18
8	011011101	Optimal	18
8	011011110	Optimal	20
8	011011111	Optimal	20
8	011100000	Optimal	20
8	011100001	Optimal	20
8	011100010	Optimal	18
8	011100011	Optimal	18
8	011100100	Optimal	18
8	011100101	Optimal	18
8	011100110	Optimal	18
8	011100111	Optimal	18
8	011101000	Optimal	18
8	011101001	Optimal	18
8	011101010	Optimal	18
8	011101011	Optimal	18
8	011101100	Optimal	18
8	011101101	Optimal	18
8	011101110	Optimal	18
8	011101111	Optimal	20
8	011110000	Optimal	20
8	011110001	Optimal	20
8	011110010	Optimal	20
8	011110011	Optimal	20
8	011110100	Optimal	20
8	011110101	Optimal	20
8	011110110	Optimal	20
8	011110111	Optimal	20
8	011111000	Optimal	20
8	011111001	Optimal	20
8	011111010	Optimal	20
8	011111011	Optimal	20
8	011111100	Optimal	18
8	011111101	Optimal	18
8	011111110	Optimal	14
8	011111111	Optimal	8
8	100000000	Optimal	8
8	100000001	Optimal	14
8	100000010	Optimal	18
8	100000011	Optimal	18
8	100000100	Optimal	20
8	100000101	Optimal	20
8	100000110	Optimal	20
8	100000111	Optimal	20
8	100001000	Optimal	20
8	100001001	Optimal	20
8	100001010	Optimal	20
8	100001011	Optimal	20
8	100001100	Optimal	20
8	100001101	Optimal	20
8	100001110	Optimal	20
8	100001111	Optimal	20
8	100010000	Optimal	20
8	100010001	Optimal	18
8	100010010	Optimal	18
8	100010011	Optimal	18
8	100010100	Optimal	18
8	100010101	Optimal	18
8	100010110	Optimal	18
8	100010111	Optimal	18
8	100011000	Optimal	18
8	100011001	Optimal	18
8	100011010	Optimal	18
8	100011011	Optimal	18
8	100011100	Optimal	18
8	100011101	Optimal	18
8	100011110	Optimal	20
8	100011111	Optimal	20
8	100100000	Optimal	20
8	100100001	Optimal	20
8	100100010	Optimal	18
8	100100011	Optimal	18
8	100100100	Optimal	14
8	100100101	Optimal	14
8	100100110	Optimal	14
8	100100111	Optimal	18
8	100101000	Optimal	18
8	100101001	Optimal	14
8	100101010	Optimal	14
8	100101011	Optimal	14
8	100101100	Optimal	14
8	100101101	Optimal	14
8	100101110	Optimal	18
8	100101111	Optimal	20
8	100110000	Optimal	20
8	100110001	Optimal	18
8	100110010	Optimal	14
8	100110011	Optimal	14
8	100110100	Optimal	14
8	100110101	Optimal	14
8	100110110	Optimal	14
8	100110111	Optimal	18
8	100111000	Optimal	18
8	100111001	Optimal	18
8	100111010	Optimal	18
8	100111011	Optimal	18
8	100111100	Optimal	20
8	100111101	Optimal	20
8	100111110	Optimal	20
8	100111111	Optimal	18
8	101000000	Optimal	18
8	101000001	Optimal	20
8	101000010	Optimal	20
8	101000011	Optimal	20
8	101000100	Optimal	18
8	101000101	Optimal	18
8	101000110	Optimal	18
8	101000111	Optimal	18
8	101001000	Optimal	18
8	101001001	Optimal	14
8	101001010	Optimal	14
8	101001011	Optimal	14
8	101001100	Optimal	14
8	101001101	Optimal	14
8	101001110	Optimal	18
8	101001111	Optimal	20
8	101010000	Optimal	20
8	101010001	Optimal	18
8	101010010	Optimal	14
8	101010011	Optimal	14
8	101010100	Optimal	14
8	101010101	Optimal	8
8	101010110	Optimal	14
8	101010111	Optimal	18
8	101011000	Optimal	18
8	101011001	Optimal	14
8	101011010	Optimal	14
8	101011011	Optimal	14
8	101011100	Optimal	18
8	101011101	Optimal	18
8	101011110	Optimal	20
8	101011111	Optimal	20
8	101100000	Optimal	20
8	101100001	Optimal	20
8	101100010	Optimal	18
8	101100011	Optimal	18
8	101100100	Optimal	14
8	101100101	Optimal	14
8	101100110	Optimal	14
8	101100111	Optimal	18
8	101101000	Optimal	18
8	101101001	Optimal	14
8	101101010	Optimal	14
8	101101011	Optimal	14
8	101101100	Optimal	14
8	101101101	Optimal	14
8	101101110	Optimal	18
8	101101111	Optimal	20
8	101110000	Optimal	20
8	101110001	Optimal	18
8	101110010	Optimal	18
8	101110011	Optimal	18
8	101110100	Optimal	18
8	101110101	Optimal	18
8	101110110	Optimal	18
8	101110111	Optimal	18
8	101111000	Optimal	20
8	101111001	Optimal	20
8	101111010	Optimal	20
8	101111011	Optimal	20
8	101111100	Optimal	20
8	101111101	Optimal	20
8	101111110	Optimal	18
8	101111111	Optimal	14
8	110000000	Optimal	14
8	110000001	Optimal	18
8	110000010	Optimal	20
8	110000011	Optimal	20
8	110000100	Optimal	20
8	110000101	Optimal	20
8	110000110	Optimal	20
8	110000111	Optimal	20
8	110001000	Optimal	18
8	110001001	Optimal	18
8	110001010	Optimal	18
8	110001011	Optimal	18
8	110001100	Optimal	18
8	110001101	Optimal	18
8	110001110	Optimal	18
8	110001111	Optimal	20
8	110010000	Optimal	20
8	110010001	Optimal	18
8	110010010	Optimal	14
8	110010011	Optimal	14
8	110010100	Optimal	14
8	110010101	Optimal	14
8	110010110	Optimal	14
8	110010111	Optimal	18
8	110011000	Optimal	18
8	110011001	Optimal	14
8	110011010	Optimal	14
8	110011011	Optimal	14
8	110011100	Optimal	18
8	110011101	Optimal	18
8	110011110	Optimal	20
8	110011111	Optimal	20
8	110100000	Optimal	20
8	110100001	Optimal	20
8	110100010	Optimal	18
8	110100011	Optimal	18
8	110100100	Optimal	14
8	110100101	Optimal	14
8	110100110	Optimal	14
8	110100111	Optimal	18
8	110101000	Optimal	18
8	110101001	Optimal	14
8	110101010	Optimal	14
8	110101011	Optimal	14
8	110101100	Optimal	14
8	110101101	Optimal	14
8	110101110	Optimal	18
8	110101111	Optimal	20
8	110110000	Optimal	20
8	110110001	Optimal	18
8	110110010	Optimal	14
8	110110011	Optimal	14
8	110110100	Optimal	14
8	110110101	Optimal	14
8	110110110	Optimal	14
8	110110111	Optimal	18
8	110111000	Optimal	18
8	110111001	Optimal	18
8	110111010	Optimal	18
8	110111011	Optimal	18
8	110111100	Optimal	20
8	110111101	Optimal	20
8	110111110	Optimal	20
8	110111111	Optimal	18
8	111000000	Optimal	18
8	111000001	Optimal	20
8	111000010	Optimal	20
8	111000011	Optimal	20
8	111000100	Optimal	18
8	111000101	Optimal	18
8	111000110	Optimal	18
8	111000111	Optimal	18
8	111001000	Optimal	18
8	111001001	Optimal	18
8	111001010	Optimal	18
8	111001011	Optimal	18
8	111001100	Optimal	18
8	111001101	Optimal	18
8	111001110	Optimal	18
8	111001111	Optimal	20
8	111010000	Optimal	20
8	111010001	Optimal	18
8	111010010	Optimal	18
8	111010011	Optimal	18
8	111010100	Optimal	18
8	111010101	Optimal	18
8	111010110	Optimal	18
8	111010111	Optimal	18
8	111011000	Optimal	18
8	111011001	Optimal	18
8	111011010	Optimal	18
8	111011011	Optimal	18
8	111011100	Optimal	18
8	111011101	Optimal	18
8	111011110	Optimal	20
8	111011111	Optimal	20
8	111100000	Optimal	20
8	111100001	Optimal	20
8	111100010	Optimal	20
8	111100011	Optimal	20
8	111100100	Optimal	20
8	111100101	Optimal	20
8	111100110	Optimal	20
8	111100111	Optimal	20
8	111101000	Optimal	20
8	111101001	Optimal	20
8	111101010	Optimal	20
8	111101011	Optimal	20
8	111101100	Optimal	20
8	111101101	Optimal	20
8	111101110	Optimal	20
8	111101111	Optimal	20
8	111110000	Optimal	20
8	111110001	Optimal	20
8	111110010	Optimal	20
8	111110011	Optimal	20
8	111110100	Optimal	20
8	111110101	Optimal	20
8	111110110	Optimal	20
8	111110111	Optimal	20
8	111111000	Optimal	18
8	111111001	Optimal	18
8	111111010	Optimal	18
8	111111011	Optimal	18
8	111111100	Optimal	14
8	111111101	Optimal	14
8	111111110	Optimal	8
9	0000000001	Optimal	9
9	0000000010	Optimal	16
9	0000000011	Optimal	16
9	0000000100	Optimal	21
9	0000000101	Optimal	21
9	0000000110	Optimal	21
9	0000000111	Optimal	21
9	0000001000	Optimal	24
9	0000001001	Optimal	24
9	0000001010	Optimal	24
9	0000001011	Optimal	24
9	0000001100	Optimal	24
9	0000001101	Optimal	24
9	0000001110	Optimal	24
9	0000001111	Optimal	24
9	0000010000	Optimal	25
9	0000010001	Optimal	25
9	0000010010	Optimal	25
9	0000010011	Optimal	25
9	0000010100	Optimal	25
9	0000010101	Optimal	25
9	0000010110	Optimal	25
9	0000010111	Optimal	25
9	0000011000	Optimal	25
9	0000011001	Optimal	25
9	0000011010	Optimal	25
9	0000011011	Optimal	25
9	0000011100	Optimal	25
9	0000011101	Optimal	25
9	0000011110	Optimal	25
9	0000011111	Optimal	25
9	0000100000	Optimal	25
9	0000100001	Optimal	24
9	0000100010	Optimal	24
9	0000100011	Optimal	24
9	0000100100	Optimal	24
9	0000100101	Optimal	24
9	0000100110	Optimal	24
9	0000100111	Optimal	24
9	0000101000	Optimal	24
9	0000101001	Optimal	24
9	0000101010	Optimal	24
9	0000101011	Optimal	24
9	0000101100	Optimal	24
9	0000101101	Optimal	24
9	0000101110	Optimal	24
9	0000101111	Optimal	24
9	0000110000	Optimal	24
9	0000110001	Optimal	24
9	0000110010	Optimal	24
9	0000110011	Optimal	24
9	0000110100	Optimal	24
9	0000110101	Optimal	24
9	0000110110	Optimal	24
9	0000110111	Optimal	24
9	0000111000	Optimal	24
9	0000111001	Optimal	24
9	0000111010	Optimal	24
9	0000111011	Optimal	24
9	0000111100	Optimal	24
9	0000111101	Optimal	24
9	0000111110	Optimal	25
9	0000111111	Optimal	24
9	0001000000	Optimal	24
9	0001000001	Optimal	25
9	0001000010	Optimal	24
9	0001000011	Optimal	24
9	0001000100	Optimal	21
9	0001000101	Optimal	21
9	0001000110	Optimal	21
9	0001000111	Optimal	21
9	0001001000	Optimal	21
9	0001001001	Optimal	21
9	0001001010	Optimal	21
9	0001001011	Optimal	21
9	0001001100	Optimal	21
9	0001001101	Optimal	21
9	0001001110	Optimal	21
9	0001001111	Optimal	24
9	0001010000	Optimal	24
9	0001010001	Optimal	21
9	0001010010	Optimal	21
9	0001010011	Optimal	21
9	0001010100	Optimal	21
9	0001010101	Optimal	21
9	0001010110	Optimal	21
9	0001010111	Optimal	21
9	0001011000	Optimal	21
9	0001011001	Optimal	21
9	0001011010	Optimal	21
9	0001011011	Optimal	21
9	0001011100	Optimal	21
9	0001011101	Optimal	21
9	0001011110	Optimal	24
9	0001011111	Optimal	25
9	0001100000	Optimal	25
9	0001100001	Optimal	24
9	0001100010	Optimal	21
9	0001100011	Optimal	21
9	0001100100	Optimal	21
9	0001100101	Optimal	21
9	0001100110	Optimal	21
9	0001100111	Optimal	21
9	0001101000	Optimal	21
9	0001101001	Optimal	21
9	0001101010	Optimal	21
9	0001101011	Optimal	21
9	0001101100	Optimal	21
9	0001101101	Optimal	21
9	0001101110	Optimal	21
9	0001101111	Optimal	24
9	0001110000	Optimal	24
9	0001110001	Optimal	21
9	0001110010	Optimal	21
9	0001110011	Optimal	21
9	0001110100	Optimal	21
9	0001110101	Optimal	21
9	0001110110	Optimal	21
9	0001110111	Optimal	21
9	0001111000	Optimal	24
9	0001111001	Optimal	24
9	0001111010	Optimal	24
9	0001111011	Optimal	24
9	0001111100	Optimal	25
9	0001111101	Optimal	25
9	0001111110	Optimal	24
9	0001111111	Optimal	21
9	0010000000	Optimal	21
9	0010000001	Optimal	24
9	0010000010	Optimal	25
9	0010000011	Optimal	25
9	0010000100	Optimal	24
9	0010000101	Optimal	24
9	0010000110	Optimal	24
9	0010000111	Optimal	24
9	0010001000	Optimal	21
9	0010001001	Optimal	21
9	0010001010	Optimal	21
9	0010001011	Optimal	21
9	0010001100	Optimal	21
9	0010001101	Optimal	21
9	0010001110	Optimal	21
9	0010001111	Optimal	24
9	0010010000	Optimal	24
9	0010010001	Optimal	21
9	0010010010	Optimal	16
9	0010010011	Optimal	16
9	0010010100	Optimal	16
9	0010010101	Optimal	16
9	0010010110	Optimal	16
9	0010010111	Optimal	21
9	0010011000	Optimal	21
9	0010011001	Optimal	16
9	0010011010	Optimal	16
9	0010011011	Optimal	16
9	0010011100	Optimal	21
9	0010011101	Optimal	21
9	0010011110	Optimal	24
9	0010011111	Optimal	25
9	0010100000	Optimal	25
9	0010100001	Optimal	24
9	0010100010	Optimal	21
9	0010100011	Optimal	21
9	0010100100	Optimal	16
9	0010100101	Optimal	16
9	0010100110	Optimal	16
9	0010100111	Optimal	21
9	0010101000	Optimal	21
9	0010101001	Optimal	16
9	0010101010	Optimal	16
9	0010101011	Optimal	16
9	0010101100	Optimal	16
9	0010101101	Optimal	16
9	0010101110	Optimal	21
9	0010101111	Optimal	24
9	0010110000	Optimal	24
9	0010110001	Optimal	21
9	0010110010	Optimal	16
9	0010110011	Optimal	16
9	0010110100	Optimal	16
9	0010110101	Optimal	16
9	0010110110	Optimal	16
9	0010110111	Optimal	21
9	0010111000	Optimal	21
9	0010111001	Optimal	21
9	0010111010	Optimal	21
9	0010111011	Optimal	21
9	0010111100	Optimal	24
9	0010111101	Optimal	24
9	0010111110	Optimal	25
9	0010111111	Optimal	24
9	0011000000	Optimal	24
9	0011000001	Optimal	25
9	0011000010	Optimal	24
9	0011000011	Optimal	24
9	0011000100	Optimal	21
9	0011000101	Optimal	21
9	0011000110	Optimal	21
9	0011000111	Optimal	21
9	0011001000	Optimal	21
9	0011001001	Optimal	16
9	0011001010	Optimal	16
9	0011001011	Optimal	16
9	0011001100	Optimal	16
9	0011001101	Optimal	16
9	0011001110	Optimal	21
9	0011001111	Optimal	24
9	0011010000	Optimal	24
9	0011010001	Optimal	21
9	0011010010	Optimal	16
9	0011010011	Optimal	16
9	0011010100	Optimal	16
9	0011010101	Optimal	16
9	0011010110	Optimal	16
9	0011010111	Optimal	21
9	0011011000	Optimal	21
9	0011011001	Optimal	16
9	0011011010	Optimal	16
9	0011011011	Optimal	16
9	0011011100	Optimal	21
9	0011011101	Optimal	21
9	0011011110	Optimal	24
9	0011011111	Optimal	25
9	0011100000	Optimal	25
9	0011100001	Optimal	24
9	0011100010	Optimal	21
9	0011100011	Optimal	21
9	0011100100	Optimal	21
9	0011100101	Optimal	21
9	0011100110	Optimal	21
9	0011100111	Optimal	21
9	0011101000	Optimal	21
9	0011101001	Optimal	21
9	0011101010	Optimal	21
9	0011101011	Optimal	21
9	0011101100	Optimal	21
9	0011101101	Optimal	21
9	0011101110	Optimal	21
9	0011101111	Optimal	24
9	0011110000	Optimal	24
9	0011110001	Optimal	24
9	0011110010	Optimal	24
9	0011110011	Optimal	24
9	0011110100	Optimal	24
9	0011110101	Optimal	24
9	0011110110	Optimal	24
9	0011110111	Optimal	24
9	0011111000	Optimal	25
9	0011111001	Optimal	25
9	0011111010	Optimal	25
9	0011111011	Optimal	25
9	0011111100	Optimal	24
9	0011111101	Optimal	24
9	0011111110	Optimal	21
9	0011111111	Optimal	16
9	0100000000	Optimal	16
9	0100000001	Optimal	21
9	0100000010	Optimal	24
9	0100000011	Optimal	24
9	0100000100	Optimal	25
9	0100000101	Optimal	25
9	0100000110	Optimal	25
9	0100000111	Optimal	25
9	0100001000	Optimal	24
9	0100001001	Optimal	24
9	0100001010	Optimal	24
9	0100001011	Optimal	24
9	0100001100	Optimal	24
9	0100001101	Optimal	24
9	0100001110	Optimal	24
9	0100001111	Optimal	24
9	0100010000	Optimal	24
9	0100010001	Optimal	21
9	0100010010	Optimal	21
9	0100010011	Optimal	21
9	0100010100	Optimal	21
9	0100010101	Optimal	21
9	0100010110	Optimal	21
9	0100010111	Optimal	21
9	0100011000	Optimal	21
9	0100011001	Optimal	21
9	0100011010	Optimal	21
9	0100011011	Optimal	21
9	0100011100	Optimal	21
9	0100011101	Optimal	21
9	0100011110	Optimal	24
9	0100011111	Optimal	25
9	0100100000	Optimal	25
9	0100100001	Optimal	24
9	0100100010	Optimal	21
9	0100100011	Optimal	21
9	0100100100	Optimal	16
9	0100100101	Optimal	16
9	0100100110	Optimal	16
9	0100100111	Optimal	21
9	0100101000	Optimal	21
9	0100101001	Optimal	16
9	0100101010	Optimal	16
9	0100101011	Optimal	16
9	0100101100	Optimal	16
9	0100101101	Optimal	16
9	0100101110	Optimal	21
9	0100101111	Optimal	24
9	0100110000	Optimal	24
9	0100110001	Optimal	21
9	0100110010	Optimal	16
9	0100110011	Optimal	16
9	0100110100	Optimal	16
9	0100110101	Optimal	16
9	0100110110	Optimal	16
9	0100110111	Optimal	21
9	0100111000	Optimal	21
9	0100111001	Optimal	21
9	0100111010	Optimal	21
9	0100111011	Optimal	21
9	0100111100	Optimal	24
9	0100111101	Optimal	24
9	0100111110	Optimal	25
9	0100111111	Optimal	24
9	0101000000	Optimal	24
9	0101000001	Optimal	25
9	0101000010	Optimal	24
9	0101000011	Optimal	24
9	0101000100	Optimal	21
9	0101000101	Optimal	21
9	0101000110	Optimal	21
9	0101000111	Optimal	21
9	0101001000	Optimal	21
9	0101001001	Optimal	16
9	0101001010	Optimal	16
9	0101001011	Optimal	16
9	0101001100	Optimal	16
9	0101001101	Optimal	16
9	0101001110	Optimal	21
9	0101001111	Optimal	24
9	0101010000	Optimal	24
9	0101010001	Optimal	21
9	0101010010	Optimal	16
9	0101010011	Optimal	16
9	0101010100	Optimal	16
9	0101010101	Optimal	9
9	0101010110	Optimal	16
9	0101010111	Optimal	21
9	0101011000	Optimal	21
9	0101011001	Optimal	16
9	0101011010	Optimal	16
9	0101011011	Optimal	16
9	0101011100	Optimal	21
9	0101011101	Optimal	21
9	0101011110	Optimal	24
9	0101011111	Optimal	25
9	0101100000	Optimal	25
9	0101100001	Optimal	24
9	0101100010	Optimal	21
9	0101100011	Optimal	21
9	0101100100	Optimal	16
9	0101100101	Optimal	16
9	0101100110	Optimal	16
9	0101100111	Optimal	21
9	0101101000	Optimal	21
9	0101101001	Optimal	16
9	0101101010	Optimal	16
9	0101101011	Optimal	16
9	0101101100	Optimal	16
9	0101101101	Optimal	16
9	0101101110	Optimal	21
9	0101101111	Optimal	24
9	0101110000	Optimal	24
9	0101110001	Optimal	21
9	0101110010	Optimal	21
9	0101110011	Optimal	21
9	0101110100	Optimal	21
9	0101110101	Optimal	21
9	0101110110	Optimal	21
9	0101110111	Optimal	21
9	0101111000	Optimal	24
9	0101111001	Optimal	24
9	0101111010	Optimal	24
9	0101111011	Optimal	24
9	0101111100	Optimal	25
9	0101111101	Optimal	25
9	0101111110	Optimal	24
9	0101111111	Optimal	21
9	0110000000	Optimal	21
9	0110000001	Optimal	24
9	0110000010	Optimal	25
9	0110000011	Optimal	25
9	0110000100	Optimal	24
9	0110000101	Optimal	24
9	0110000110	Optimal	24
9	0110000111	Optimal	24
9	0110001000	Optimal	21
9	0110001001	Optimal	21
9	0110001010	Optimal	21
9	0110001011	Optimal	21
9	0110001100	Optimal	21
9	0110001101	Optimal	21
9	0110001110	Optimal	21
9	0110001111	Optimal	24
9	0110010000	Optimal	24
9	0110010001	Optimal	21
9	0110010010	Optimal	16
9	0110010011	Optimal	16
9	0110010100	Optimal	16
9	0110010101	Optimal	16
9	0110010110	Optimal	16
9	0110010111	Optimal	21
9	0110011000	Optimal	21
9	0110011001	Optimal	16
9	0110011010	Optimal	16
9	0110011011	Optimal	16
9	0110011100	Optimal	21
9	0110011101	Optimal	21
9	0110011110	Optimal	24
9	0110011111	Optimal	25
9	0110100000	Optimal	25
9	0110100001	Optimal	24
9	0110100010	Optimal	21
9	0110100011	Optimal	21
9	0110100100	Optimal	16
9	0110100101	Optimal	16
9	0110100110	Optimal	16
9	0110100111	Optimal	21
9	0110101000	Optimal	21
9	0110101001	Optimal	16
9	0110101010	Optimal	16
9	0110101011	Optimal	16
9	0110101100	Optimal	16
9	0110101101	Optimal	16
9	0110101110	Optimal	21
9	0110101111	Optimal	24
9	0110110000	Optimal	24
9	0110110001	Optimal	21
9	0110110010	Optimal	16
9	0110110011	Optimal	16
9	0110110100	Optimal	16
9	0110110101	Optimal	16
9	0110110110	Optimal	16
9	0110110111	Optimal	21
9	0110111000	Optimal	21
9	0110111001	Optimal	21
9	0110111010	Optimal	21
9	0110111011	Optimal	21
9	0110111100	Optimal	24
9	0110111101	Optimal	24
9	0110111110	Optimal	25
9	0110111111	Optimal	24
9	0111000000	Optimal	24
9	0111000001	Optimal	25
9	0111000010	Optimal	24
9	0111000011	Optimal	24
9	0111000100	Optimal	21
9	0111000101	Optimal	21
9	0111000110	Optimal	21
9	0111000111	Optimal	21
9	0111001000	Optimal	21
9	0111001001	Optimal	21
9	0111001010	Optimal	21
9	0111001011	Optimal	21
9	0111001100	Optimal	21
9	0111001101	Optimal	21
9	0111001110	Optimal	21
9	0111001111	Optimal	24
9	0111010000	Optimal	24
9	0111010001	Optimal	21
9	0111010010	Optimal	21
9	0111010011	Optimal	21
9	0111010100	Optimal	21
9	0111010101	Optimal	21
9	0111010110	Optimal	21
9	0111010111	Optimal	21
9	0111011000	Optimal	21
9	0111011001	Optimal	21
9	0111011010	Optimal	21
9	0111011011	Optimal	21
9	0111011100	Optimal	21
9	0111011101	Optimal	21
9	0111011110	Optimal	24
9	0111011111	Optimal	25
9	0111100000	Optimal	25
9	0111100001	Optimal	24
9	0111100010	Optimal	24
9	0111100011	Optimal	24
9	0111100100	Optimal	24
9	0111100101	Optimal	24
9	0111100110	Optimal	24
9	0111100111	Optimal	24
9	0111101000	Optimal	24
9	0111101001	Optimal	24
9	0111101010	Optimal	24
9	0111101011	Optimal	24
9	0111101100	Optimal	24
9	0111101101	Optimal	24
9	0111101110	Optimal	24
9	0111101111	Optimal	24
9	0111110000	Optimal	25
9	0111110001	Optimal	25
9	0111110010	Optimal	25
9	0111110011	Optimal	25
9	0111110100	Optimal	25
9	0111110101	Optimal	25
9	0111110110	Optimal	25
9	0111110111	Optimal	25
9	0111111000	Optimal	24
9	0111111001	Optimal	24
9	0111111010	Optimal	24
9	0111111011	Optimal	24
9	0111111100	Optimal	21
9	0111111101	Optimal	21
9	0111111110	Optimal	16
9	0111111111	Optimal	9
9	1000000000	Optimal	9
9	1000000001	Optimal	16
9	1000000010	Optimal	21
9	1000000011	Optimal	21
9	1000000100	Optimal	24
9	1000000101	Optimal	24
9	1000000110	Optimal	24
9	1000000111	Optimal	24
9	1000001000	Optimal	25
9	1000001001	Optimal	25
9	1000001010	Optimal	25
9	1000001011	Optimal	25
9	1000001100	Optimal	25
9	1000001101	Optimal	25
9	1000001110	Optimal	25
9	1000001111	Optimal	25
9	1000010000	Optimal	24
9	1000010001	Optimal	24
9	1000010010	Optimal	24
9	1000010011	Optimal	24
9	1000010100	Optimal	24
9	1000010101	Optimal	24
9	1000010110	Optimal	24
9	1000010111	Optimal	24
9	1000011000	Optimal	24
9	1000011001	Optimal	24
9	1000011010	Optimal	24
9	1000011011	Optimal	24
9	1000011100	Optimal	24
9	1000011101	Optimal	24
9	1000011110	Optimal	24
9	1000011111	Optimal	25
9	1000100000	Optimal	25
9	1000100001	Optimal	24
9	1000100010	Optimal	21
9	1000100011	Optimal	21
9	1000100100	Optimal	21
9	1000100101	Optimal	21
9	1000100110	Optimal	21
9	1000100111	Optimal	21
9	1000101000	Optimal	21
9	1000101001	Optimal	21
9	1000101010	Optimal	21
9	1000101011	Optimal	21
9	1000101100	Optimal	21
9	1000101101	Optimal	21
9	1000101110	Optimal	21
9	1000101111	Optimal	24
9	1000110000	Optimal	24
9	1000110001	Optimal	21
9	1000110010	Optimal	21
9	1000110011	Optimal	21
9	1000110100	Optimal	21
9	1000110101	Optimal	21
9	1000110110	Optimal	21
9	1000110111	Optimal	21
9	1000111000	Optimal	21
9	1000111001	Optimal	21
9	1000111010	Optimal	21
9	1000111011	Optimal	21
9	1000111100	Optimal	24
9	1000111101	Optimal	24
9	1000111110	Optimal	25
9	1000111111	Optimal	24
9	1001000000	Optimal	24
9	1001000001	Optimal	25
9	1001000010	Optimal	24
9	1001000011	Optimal	24
9	1001000100	Optimal	21
9	1001000101	Optimal	21
9	1001000110	Optimal	21
9	1001000111	Optimal	21
9	1001001000	Optimal	21
9	1001001001	Optimal	16
9	1001001010	Optimal	16
9	1001001011	Optimal	16
9	1001001100	Optimal	16
9	1001001101	Optimal	16
9	1001001110	Optimal	21
9	1001001111	Optimal	24
9	1001010000	Optimal	24
9	1001010001	Optimal	21
9	1001010010	Optimal	16
9	1001010011	Optimal	16
9	1001010100	Optimal	16
9	1001010101	Optimal	16
9	1001010110	Optimal	16
9	1001010111	Optimal	21
9	1001011000	Optimal	21
9	1001011001	Optimal	16
9	1001011010	Optimal	16
9	1001011011	Optimal	16
9	1001011100	Optimal	21
9	1001011101	Optimal	21
9	1001011110	Optimal	24
9	1001011111	Optimal	25
9	1001100000	Optimal	25
9	1001100001	Optimal	24
9	1001100010	Optimal	21
9	1001100011	Optimal	21
9	1001100100	Optimal	16
9	1001100101	Optimal	16
9	1001100110	Optimal	16
9	1001100111	Optimal	21
9	1001101000	Optimal	21
9	1001101001	Optimal	16
9	1001101010	Optimal	16
9	1001101011	Optimal	16
9	1001101100	Optimal	16
9	1001101101	Optimal	16
9	1001101110	Optimal	21
9	1001101111	Optimal	24
9	1001110000	Optimal	24
9	1001110001	Optimal	21
9	1001110010	Optimal	21
9	1001110011	Optimal	21
9	1001110100	Optimal	21
9	1001110101	Optimal	21
9	1001110110	Optimal	21
9	1001110111	Optimal	21
9	1001111000	Optimal	24
9	1001111001	Optimal	24
9	1001111010	Optimal	24
9	1001111011	Optimal	24
9	1001111100	Optimal	25
9	1001111101	Optimal	25
9	1001111110	Optimal	24
9	1001111111	Optimal	21
9	1010000000	Optimal	21
9	1010000001	Optimal	24
9	1010000010	Optimal	25
9	1010000011	Optimal	25
9	1010000100	Optimal	24
9	1010000101	Optimal	24
9	1010000110	Optimal	24
9	1010000111	Optimal	24
9	1010001000	Optimal	21
9	1010001001	Optimal	21
9	1010001010	Optimal	21
9	1010001011	Optimal	21
9	1010001100	Optimal	21
9	1010001101	Optimal	21
9	1010001110	Optimal	21
9	1010001111	Optimal	24
9	1010010000	Optimal	24
9	1010010001	Optimal	21
9	1010010010	Optimal	16
9	1010010011	Optimal	16
9	1010010100	Optimal	16
9	1010010101	Optimal	16
9	1010010110	Optimal	16
9	1010010111	Optimal	21
9	1010011000	Optimal	21
9	1010011001	Optimal	16
9	1010011010	Optimal	16
9	1010011011	Optimal	16
9	1010011100	Optimal	21
9	1010011101	Optimal	21
9	1010011110	Optimal	24
9	1010011111	Optimal	25
9	1010100000	Optimal	25
9	1010100001	Optimal	24
9	1010100010	Optimal	21
9	1010100011	Optimal	21
9	1010100100	Optimal	16
9	1010100101	Optimal	16
9	1010100110	Optimal	16
9	1010100111	Optimal	21
9	1010101000	Optimal	21
9	1010101001	Optimal	16
9	1010101010	Optimal	9
9	1010101011	Optimal	16
9	1010101100	Optimal	16
9	1010101101	Optimal	16
9	1010101110	Optimal	21
9	1010101111	Optimal	24
9	1010110000	Optimal	24
9	1010110001	Optimal	21
9	1010110010	Optimal	16
9	1010110011	Optimal	16
9	1010110100	Optimal	16
9	1010110101	Optimal	16
9	1010110110	Optimal	16
9	1010110111	Optimal	21
9	1010111000	Optimal	21
9	1010111001	Optimal	21
9	1010111010	Optimal	21
9	1010111011	Optimal	21
9	1010111100	Optimal	24
9	1010111101	Optimal	24
9	1010111110	Optimal	25
9	1010111111	Optimal	24
9	1011000000	Optimal	24
9	1011000001	Optimal	25
9	1011000010	Optimal	24
9	1011000011	Optimal	24
9	1011000100	Optimal	21
9	1011000101	Optimal	21
9	1011000110	Optimal	21
9	1011000111	Optimal	21
9	1011001000	Optimal	21
9	1011001001	Optimal	16
9	1011001010	Optimal	16
9	1011001011	Optimal	16
9	1011001100	Optimal	16
9	1011001101	Optimal	16
9	1011001110	Optimal	21
9	1011001111	Optimal	24
9	1011010000	Optimal	24
9	1011010001	Optimal	21
9	1011010010	Optimal	16
9	1011010011	Optimal	16
9	1011010100	Optimal	16
9	1011010101	Optimal	16
9	1011010110	Optimal	16
9	1011010111	Optimal	21
9	1011011000	Optimal	21
9	1011011001	Optimal	16
9	1011011010	Optimal	16
9	1011011011	Optimal	16
9	1011011100	Optimal	21
9	1011011101	Optimal	21
9	1011011110	Optimal	24
9	1011011111	Optimal	25
9	1011100000	Optimal	25
9	1011100001	Optimal	24
9	1011100010	Optimal	21
9	1011100011	Optimal	21
9	1011100100	Optimal	21
9	1011100101	Optimal	21
9	1011100110	Optimal	21
9	1011100111	Optimal	21
9	1011101000	Optimal	21
9	1011101001	Optimal	21
9	1011101010	Optimal	21
9	1011101011	Optimal	21
9	1011101100	Optimal	21
9	1011101101	Optimal	21
9	1011101110	Optimal	21
9	1011101111	Optimal	24
9	1011110000	Optimal	24
9	1011110001	Optimal	24
9	1011110010	Optimal	24
9	1011110011	Optimal	24
9	1011110100	Optimal	24
9	1011110101	Optimal	24
9	1011110110	Optimal	24
9	1011110111	Optimal	24
9	1011111000	Optimal	25
9	1011111001	Optimal	25
9	1011111010	Optimal	25
9	1011111011	Optimal	25
9	1011111100	Optimal	24
9	1011111101	Optimal	24
9	1011111110	Optimal	21
9	1011111111	Optimal	16
9	1100000000	Optimal	16
9	1100000001	Optimal	21
9	1100000010	Optimal	24
9	1100000011	Optimal	24
9	1100000100	Optimal	25
9	1100000101	Optimal	25
9	1100000110	Optimal	25
9	1100000111	Optimal	25
9	1100001000	Optimal	24
9	1100001001	Optimal	24
9	1100001010	Optimal	24
9	1100001011	Optimal	24
9	1100001100	Optimal	24
9	1100001101	Optimal	24
9	1100001110	Optimal	24
9	1100001111	Optimal	24
9	1100010000	Optimal	24
9	1100010001	Optimal	21
9	1100010010	Optimal	21
9	1100010011	Optimal	21
9	1100010100	Optimal	21
9	1100010101	Optimal	21
9	1100010110	Optimal	21
9	1100010111	Optimal	21
9	1100011000	Optimal	21
9	1100011001	Optimal	21
9	1100011010	Optimal	21
9	1100011011	Optimal	21
9	1100011100	Optimal	21
9	1100011101	Optimal	21
9	1100011110	Optimal	24
9	1100011111	Optimal	25
9	1100100000	Optimal	25
9	1100100001	Optimal	24
9	1100100010	Optimal	21
9	1100100011	Optimal	21
9	1100100100	Optimal	16
9	1100100101	Optimal	16
9	1100100110	Optimal	16
9	1100100111	Optimal	21
9	1100101000	Optimal	21
9	1100101001	Optimal	16
9	1100101010	Optimal	16
9	1100101011	Optimal	16
9	1100101100	Optimal	16
9	1100101101	Optimal	16
9	1100101110	Optimal	21
9	1100101111	Optimal	24
9	1100110000	Optimal	24
9	1100110001	Optimal	21
9	1100110010	Optimal	16
9	1100110011	Optimal	16
9	1100110100	Optimal	16
9	1100110101	Optimal	16
9	1100110110	Optimal	16
9	1100110111	Optimal	21
9	1100111000	Optimal	21
9	1100111001	Optimal	21
9	1100111010	Optimal	21
9	1100111011	Optimal	21
9	1100111100	Optimal	24
9	1100111101	Optimal	24
9	1100111110	Optimal	25
9	1100111111	Optimal	24
9	1101000000	Optimal	24
9	1101000001	Optimal	25
9	1101000010	Optimal	24
9	1101000011	Optimal	24
9	1101000100	Optimal	21
9	1101000101	Optimal	21
9	1101000110	Optimal	21
9	1101000111	Optimal	21
9	1101001000	Optimal	21
9	1101001001	Optimal	16
9	1101001010	Optimal	16
9	1101001011	Optimal	16
9	1101001100	Optimal	16
9	1101001101	Optimal	16
9	1101001110	Optimal	21
9	1101001111	Optimal	24
9	1101010000	Optimal	24
9	1101010001	Optimal	21
9	1101010010	Optimal	16
9	1101010011	Optimal	16
9	1101010100	Optimal	16
9	1101010101	Optimal	16
9	1101010110	Optimal	16
9	1101010111	Optimal	21
9	1101011000	Optimal	21
9	1101011001	Optimal	16
9	1101011010	Optimal	16
9	1101011011	Optimal	16
9	1101011100	Optimal	21
9	1101011101	Optimal	21
9	1101011110	Optimal	24
9	1101011111	Optimal	25
9	1101100000	Optimal	25
9	1101100001	Optimal	24
9	1101100010	Optimal	21
9	1101100011	Optimal	21
9	1101100100	Optimal	16
9	1101100101	Optimal	16
9	1101100110	Optimal	16
9	1101100111	Optimal	21
9	1101101000	Optimal	21
9	1101101001	Optimal	16
9	1101101010	Optimal	16
9	1101101011	Optimal	16
9	1101101100	Optimal	16
9	1101101101	Optimal	16
9	1101101110	Optimal	21
9	1101101111	Optimal	24
9	1101110000	Optimal	24
9	1101110001	Optimal	21
9	1101110010	Optimal	21
9	1101110011	Optimal	21
9	1101110100	Optimal	21
9	1101110101	Optimal	21
9	1101110110	Optimal	21
9	1101110111	Optimal	21
9	1101111000	Optimal	24
9	1101111001	Optimal	24
9	1101111010	Optimal	24
9	1101111011	Optimal	24
9	1101111100	Optimal	25
9	1101111101	Optimal	25
9	1101111110	Optimal	24
9	1101111111	Optimal	21
9	1110000000	Optimal	21
9	1110000001	Optimal	24
9	1110000010	Optimal	25
9	1110000011	Optimal	25
9	1110000100	Optimal	24
9	1110000101	Optimal	24
9	1110000110	Optimal	24
9	1110000111	Optimal	24
9	1110001000	Optimal	21
9	1110001001	Optimal	21
9	1110001010	Optimal	21
9	1110001011	Optimal	21
9	1110001100	Optimal	21
9	1110001101	Optimal	21
9	1110001110	Optimal	21
9	1110001111	Optimal	24
9	1110010000	Optimal	24
9	1110010001	Optimal	21
9	1110010010	Optimal	21
9	1110010011	Optimal	21
9	1110010100	Optimal	21
9	1110010101	Optimal	21
9	1110010110	Optimal	21
9	1110010111	Optimal	21
9	1110011000	Optimal	21
9	1110011001	Optimal	21
9	1110011010	Optimal	21
9	1110011011	Optimal	21
9	1110011100	Optimal	21
9	1110011101	Optimal	21
9	1110011110	Optimal	24
9	1110011111	Optimal	25
9	1110100000	Optimal	25
9	1110100001	Optimal	24
9	1110100010	Optimal	21
9	1110100011	Optimal	21
9	1110100100	Optimal	21
9	1110100101	Optimal	21
9	1110100110	Optimal	21
9	1110100111	Optimal	21
9	1110101000	Optimal	21
9	1110101001	Optimal	21
9	1110101010	Optimal	21
9	1110101011	Optimal	21
9	1110101100	Optimal	21
9	1110101101	Optimal	21
9	1110101110	Optimal	21
9	1110101111	Optimal	24
9	1110110000	Optimal	24
9	1110110001	Optimal	21
9	1110110010	Optimal	21
9	1110110011	Optimal	21
9	1110110100	Optimal	21
9	1110110101	Optimal	21
9	1110110110	Optimal	21
9	1110110111	Optimal	21
9	1110111000	Optimal	21
9	1110111001	Optimal	21
9	1110111010	Optimal	21
9	1110111011	Optimal	21
9	1110111100	Optimal	24
9	1110111101	Optimal	24
9	1110111110	Optimal	25
9	1110111111	Optimal	24
9	1111000000	Optimal	24
9	1111000001	Optimal	25
9	1111000010	Optimal	24
9	1111000011	Optimal	24
9	1111000100	Optimal	24
9	1111000101	Optimal	24
9	1111000110	Optimal	24
9	1111000111	Optimal	24
9	1111001000	Optimal	24
9	1111001001	Optimal	24
9	1111001010	Optimal	24
9	1111001011	Optimal	24
9	1111001100	Optimal	24
9	1111001101	Optimal	24
9	1111001110	Optimal	24
9	1111001111	Optimal	24
9	1111010000	Optimal	24
9	1111010001	Optimal	24
9	1111010010	Optimal	24
9	1111010011	Optimal	24
9	1111010100	Optimal	24
9	1111010101	Optimal	24
9	1111010110	Optimal	24
9	1111010111	Optimal	24
9	1111011000	Optimal	24
9	1111011001	Optimal	24
9	1111011010	Optimal	24
9	1111011011	Optimal	24
9	1111011100	Optimal	24
9	1111011101	Optimal	24
9	1111011110	Optimal	24
9	1111011111	Optimal	25
9	1111100000	Optimal	25
9	1111100001	Optimal	25
9	1111100010	Optimal	25
9	1111100011	Optimal	25
9	1111100100	Optimal	25
9	1111100101	Optimal	25
9	1111100110	Optimal	25
9	1111100111	Optimal	25
9	1111101000	Optimal	25
9	1111101001	Optimal	25
9	1111101010	Optimal	25
9	1111101011	Optimal	25
9	1111101100	Optimal	25
9	1111101101	Optimal	25
9	1111101110	Optimal	25
9	1111101111	Optimal	25
9	1111110000	Optimal	24
9	1111110001	Optimal	24
9	1111110010	Optimal	24
9	1111110011	Optimal	24
9	1111110100	Optimal	24
9	1111110101	Optimal	24
9	1111110110	Optimal	24
9	1111110111	Optimal	24
9	1111111000	Optimal	21
9	1111111001	Optimal	21
9	1111111010	Optimal	21
9	1111111011	Optimal	21
9	1111111100	Optimal	16
9	1111111101	Optimal	16
9	1111111110	Optimal	9
10	00000000001	Optimal	10
10	00000000010	Optimal	18
10	00000000011	Optimal	18
10	00000000100	Optimal	24
10	00000000101	Optimal	24
10	00000000110	Optimal	24
10	00000000111	Optimal	24
10	00000001000	Optimal	28
10	00000001001	Optimal	28
10	00000001010	Optimal	28
10	00000001011	Optimal	28
10	00000001100	Optimal	28
10	00000001101	Optimal	28
10	00000001110	Optimal	28
10	00000001111	Optimal	28
10	00000010000	Optimal	30
10	00000010001	Optimal	30
10	00000010010	Optimal	30
10	00000010011	Optimal	30
10	00000010100	Optimal	30
10	00000010101	Optimal	30
10	00000010110	Optimal	30
10	00000010111	Optimal	30
10	00000011000	Optimal	30
10	00000011001	Optimal	30
10	00000011010	Optimal	30
10	00000011011	Optimal	30
10	00000011100	Optimal	30
10	00000011101	Optimal	30
10	00000011110	Optimal	30
10	00000011111	Optimal	30
10	00000100000	Optimal	30
10	00000100001	Optimal	30
10	00000100010	Optimal	30
10	00000100011	Optimal	30
10	00000100100	Optimal	30
10	00000100101	Optimal	30
10	00000100110	Optimal	30
10	00000100111	Optimal	30
10	00000101000	Optimal	30
10	00000101001	Optimal	30
10	00000101010	Optimal	30
10	00000101011	Optimal	30
10	00000101100	Optimal	30
10	00000101101	Optimal	30
10	00000101110	Optimal	30
10	00000101111	Optimal	30
10	00000110000	Optimal	30
10	00000110001	Optimal	30
10	00000110010	Optimal	30
10	00000110011	Optimal	30
10	00000110100	Optimal	30
10	00000110101	Optimal	30
10	00000110110	Optimal	30
10	00000110111	Optimal	30
10	00000111000	Optimal	30
10	00000111001	Optimal	30
10	00000111010	Optimal	30
10	00000111011	Optimal	30
10	00000111100	Optimal	30
10	00000111101	Optimal	30
10	00000111110	Optimal	30
10	00000111111	Optimal	30
10	00001000000	Optimal	30
10	00001000001	Optimal	30
10	00001000010	Optimal	28
10	00001000011	Optimal	28
10	00001000100	Optimal	28
10	00001000101	Optimal	28
10	00001000110	Optimal	28
10	00001000111	Optimal	28
10	00001001000	Optimal	28
10	00001001001	Optimal	28
10	00001001010	Optimal	28
10	00001001011	Optimal	28
10	00001001100	Optimal	28
10	00001001101	Optimal	28
10	00001001110	Optimal	28
10	00001001111	Optimal	28
10	00001010000	Optimal	28
10	00001010001	Optimal	28
10	00001010010	Optimal	28
10	00001010011	Optimal	28
10	00001010100	Optimal	28
10	00001010101	Optimal	28
10	00001010110	Optimal	28
10	00001010111	Optimal	28
10	00001011000	Optimal	28
10	00001011001	Optimal	28
10	00001011010	Optimal	28
10	00001011011	Optimal	28
10	00001011100	Optimal	28
10	00001011101	Optimal	28
10	00001011110	Optimal	28
10	00001011111	Optimal	30
10	00001100000	Optimal	30
10	00001100001	Optimal	28
10	00001100010	Optimal	28
10	00001100011	Optimal	28
10	00001100100	Optimal	28
10	00001100101	Optimal	28
10	00001100110	Optimal	28
10	00001100111	Optimal	28
10	00001101000	Optimal	28
10	00001101001	Optimal	28
10	00001101010	Optimal	28
10	00001101011	Optimal	28
10	00001101100	Optimal	28
10	00001101101	Optimal	28
10	00001101110	Optimal	28
10	00001101111	Optimal	28
10	00001110000	Optimal	28
10	00001110001	Optimal	28
10	00001110010	Optimal	28
10	00001110011	Optimal	28
10	00001110100	Optimal	28
10	00001110101	Optimal	28
10	00001110110	Optimal	28
10	00001110111	Optimal	28
10	00001111000	Optimal	28
10	00001111001	Optimal	28
10	00001111010	Optimal	28
10	00001111011	Optimal	28
10	00001111100	Optimal	30
10	00001111101	Optimal	30
10	00001111110	Optimal	30
10	00001111111	Optimal	28
10	00010000000	Optimal	28
10	00010000001	Optimal	30
10	00010000010	Optimal	30
10	00010000011	Optimal	30
10	00010000100	Optimal	28
10	00010000101	Optimal	28
10	00010000110	Optimal	28
10	00010000111	Optimal	28
10	00010001000	Optimal	24
10	00010001001	Optimal	24
10	00010001010	Optimal	24
10	00010001011	Optimal	24
10	00010001100	Optimal	24
10	00010001101	Optimal	24
10	00010001110	Optimal	24
10	00010001111	Optimal	28
10	00010010000	Optimal	28
10	00010010001	Optimal	24
10	00010010010	Optimal	24
10	00010010011	Optimal	24
10	00010010100	Optimal	24
10	00010010101	Optimal	24
10	00010010110	Optimal	24
10	00010010111	Optimal	24
10	00010011000	Optimal	24
10	00010011001	Optimal	24
10	00010011010	Optimal	24
10	00010011011	Optimal	24
10	00010011100	Optimal	24
10	00010011101	Optimal	24
10	00010011110	Optimal	28
10	00010011111	Optimal	30
10	00010100000	Optimal	30
10	00010100001	Optimal	28
10	00010100010	Optimal	24
10	00010100011	Optimal	24
10	00010100100	Optimal	24
10	00010100101	Optimal	24
10	00010100110	Optimal	24
10	00010100111	Optimal	24
10	00010101000	Optimal	24
10	00010101001	Optimal	24
10	00010101010	Optimal	24
10	00010101011	Optimal	24
10	00010101100	Optimal	24
10	00010101101	Optimal	24
10	00010101110	Optimal	24
10	00010101111	Optimal	28
10	00010110000	Optimal	28
10	00010110001	Optimal	24
10	00010110010	Optimal	24
10	00010110011	Optimal	24
10	00010110100	Optimal	24
10	00010110101	Optimal	24
10	00010110110	Optimal	24
10	00010110111	Optimal	24
10	00010111000	Optimal	24
10	00010111001	Optimal	24
10	00010111010	Optimal	24
10	00010111011	Optimal	24
10	00010111100	Optimal	28
10	00010111101	Optimal	28
10	00010111110	Optimal	30
10	00010111111	Optimal	30
10	00011000000	Optimal	30
10	00011000001	Optimal	30
10	00011000010	Optimal	28
10	00011000011	Optimal	28
10	00011000100	Optimal	24
10	00011000101	Optimal	24
10	00011000110	Optimal	24
10	00011000111	Optimal	24
10	00011001000	Optimal	24
10	00011001001	Optimal	24
10	00011001010	Optimal	24
10	00011001011	Optimal	24
10	00011001100	Optimal	24
10	00011001101	Optimal	24
10	00011001110	Optimal	24
10	00011001111	Optimal	28
10	00011010000	Optimal	28
10	00011010001	Optimal	24
10	00011010010	Optimal	24
10	00011010011	Optimal	24
10	00011010100	Optimal	24
10	00011010101	Optimal	24
10	00011010110	Optimal	24
10	00011010111	Optimal	24
10	00011011000	Optimal	24
10	00011011001	Optimal	24
10	00011011010	Optimal	24
10	00011011011	Optimal	24
10	00011011100	Optimal	24
10	00011011101	Optimal	24
10	00011011110	Optimal	28
10	00011011111	Optimal	30
10	00011100000	Optimal	30
10	00011100001	Optimal	28
10	00011100010	Optimal	24
10	00011100011	Optimal	24
10	00011100100	Optimal	24
10	00011100101	Optimal	24
10	00011100110	Optimal	24
10	00011100111	Optimal	24
10	00011101000	Optimal	24
10	00011101001	Optimal	24
10	00011101010	Optimal	24
10	00011101011	Optimal	24
10	00011101100	Optimal	24
10	00011101101	Optimal	24
10	00011101110	Optimal	24
10	00011101111	Optimal	28
10	00011110000	Optimal	28
10	00011110001	Optimal	28
10	00011110010	Optimal	28
10	00011110011	Optimal	28
10	00011110100	Optimal	28
10	00011110101	Optimal	28
10	00011110110	Optimal	28
10	00011110111	Optimal	28
10	00011111000	Optimal	30
10	00011111001	Optimal	30
10	00011111010	Optimal	30
10	00011111011	Optimal	30
10	00011111100	Optimal	30
10	00011111101	Optimal	30
10	00011111110	Optimal	28
10	00011111111	Optimal	24
10	00100000000	Optimal	24
10	00100000001	Optimal	28
10	00100000010	Optimal	30
10	00100000011	Optimal	30
10	00100000100	Optimal	30
10	00100000101	Optimal	30
10	00100000110	Optimal	30
10	00100000111	Optimal	30
10	00100001000	Optimal	28
10	00100001001	Optimal	28
10	00100001010	Optimal	28
10	00100001011	Optimal	28
10	00100001100	Optimal	28
10	00100001101	Optimal	28
10	00100001110	Optimal	28
10	00100001111	Optimal	28
10	00100010000	Optimal	28
10	00100010001	Optimal	24
10	00100010010	Optimal	24
10	00100010011	Optimal	24
10	00100010100	Optimal	24
10	00100010101	Optimal	24
10	00100010110	Optimal	24
10	00100010111	Optimal	24
10	00100011000	Optimal	24
10	00100011001	Optimal	24
10	00100011010	Optimal	24
10	00100011011	Optimal	24
10	00100011100	Optimal	24
10	00100011101	Optimal	24
10	00100011110	Optimal	28
10	00100011111	Optimal	30
10	00100100000	Optimal	30
10	00100100001	Optimal	28
10	00100100010	Optimal	24
10	00100100011	Optimal	24
10	00100100100	Optimal	18
10	00100100101	Optimal	18
10	00100100110	Optimal	18
10	00100100111	Optimal	24
10	00100101000	Optimal	24
10	00100101001	Optimal	18
10	00100101010	Optimal	18
10	00100101011	Optimal	18
10	00100101100	Optimal	18
10	00100101101	Optimal	18
10	00100101110	Optimal	24
10	00100101111	Optimal	28
10	00100110000	Optimal	28
10	00100110001	Optimal	24
10	00100110010	Optimal	18
10	00100110011	Optimal	18
10	00100110100	Optimal	18
10	00100110101	Optimal	18
10	00100110110	Optimal	18
10	00100110111	Optimal	24
10	00100111000	Optimal	24
10	00100111001	Optimal	24
10	00100111010	Optimal	24
10	00100111011	Optimal	24
10	00100111100	Optimal	28
10	00100111101	Optimal	28
10	00100111110	Optimal	30
10	00100111111	Optimal	30
10	00101000000	Optimal	30
10	00101000001	Optimal	30
10	00101000010	Optimal	28
10	00101000011	Optimal	28
10	00101000100	Optimal	24
10	00101000101	Optimal	24
10	00101000110	Optimal	24
10	00101000111	Optimal	24
10	00101001000	Optimal	24
10	00101001001	Optimal	18
10	00101001010	Optimal	18
10	00101001011	Optimal	18
10	00101001100	Optimal	18
10	00101001101	Optimal	18
10	00101001110	Optimal	24
10	00101001111	Optimal	28
10	00101010000	Optimal	28
10	00101010001	Optimal	24
10	00101010010	Optimal	18
10	00101010011	Optimal	18
10	00101010100	Optimal	18
10	00101010101	Optimal	18
10	00101010110	Optimal	18
10	00101010111	Optimal	24
10	00101011000	Optimal	24
10	00101011001	Optimal	18
10	00101011010	Optimal	18
10	00101011011	Optimal	18
10	00101011100	Optimal	24
10	00101011101	Optimal	24
10	00101011110	Optimal	28
10	00101011111	Optimal	30
10	00101100000	Optimal	30
10	00101100001	Optimal	28
10	00101100010	Optimal	24
10	00101100011	Optimal	24
10	00101100100	Optimal	18
10	00101100101	Optimal	18
10	00101100110	Optimal	18
10	00101100111	Optimal	24
10	00101101000	Optimal	24
10	00101101001	Optimal	18
10	00101101010	Optimal	18
10	00101101011	Optimal	18
10	00101101100	Optimal	18
10	00101101101	Optimal	18
10	00101101110	Optimal	24
10	00101101111	Optimal	28
10	00101110000	Optimal	28
10	00101110001	Optimal	24
10	00101110010	Optimal	24
10	00101110011	Optimal	24
10	00101110100	Optimal	24
10	00101110101	Optimal	24
10	00101110110	Optimal	24
10	00101110111	Optimal	24
10	00101111000	Optimal	28
10	00101111001	Optimal	28
10	00101111010	Optimal	28
10	00101111011	Optimal	28
10	00101111100	Optimal	30
10	00101111101	Optimal	30
10	00101111110	Optimal	30
10	00101111111	Optimal	28
10	00110000000	Optimal	28
10	00110000001	Optimal	30
10	00110000010	Optimal	30
10	00110000011	Optimal	30
10	00110000100	Optimal	28
10	00110000101	Optimal	28
10	00110000110	Optimal	28
10	00110000111	Optimal	28
10	00110001000	Optimal	24
10	00110001001	Optimal	24
10	00110001010	Optimal	24
10	00110001011	Optimal	24
10	00110001100	Optimal	24
10	00110001101	Optimal	24
10	00110001110	Optimal	24
10	00110001111	Optimal	28
10	00110010000	Optimal	28
10	00110010001	Optimal	24
10	00110010010	Optimal	18
10	00110010011	Optimal	18
10	00110010100	Optimal	18
10	00110010101	Optimal	18
10	00110010110	Optimal	18
10	00110010111	Optimal	24
10	00110011000	Optimal	24
10	00110011001	Optimal	18
10	00110011010	Optimal	18
10	00110011011	Optimal	18
10	00110011100	Optimal	24
10	00110011101	Optimal	24
10	00110011110	Optimal	28
10	00110011111	Optimal	30
10	00110100000	Optimal	30
10	00110100001	Optimal	28
10	00110100010	Optimal	24
10	00110100011	Optimal	24
10	00110100100	Optimal	18
10	00110100101	Optimal	18
10	00110100110	Optimal	18
10	00110100111	Optimal	24
10	00110101000	Optimal	24
10	00110101001	Optimal	18
10	00110101010	Optimal	18
10	00110101011	Optimal	18
10	00110101100	Optimal	18
10	00110101101	Optimal	18
10	00110101110	Optimal	24
10	00110101111	Optimal	28
10	00110110000	Optimal	28
10	00110110001	Optimal	24
10	00110110010	Optimal	18
10	00110110011	Optimal	18
10	00110110100	Optimal	18
10	00110110101	Optimal	18
10	00110110110	Optimal	18
10	00110110111	Optimal	24
10	00110111000	Optimal	24
10	00110111001	Optimal	24
10	00110111010	Optimal	24
10	00110111011	Optimal	24
10	00110111100	Optimal	28
10	00110111101	Optimal	28
10	00110111110	Optimal	30
10	00110111111	Optimal	30
10	00111000000	Optimal	30
10	00111000001	Optimal	30
10	00111000010	Optimal	28
10	00111000011	Optimal	28
10	00111000100	Optimal	24
10	00111000101	Optimal	24
10	00111000110	Optimal	24
10	00111000111	Optimal	24
10	00111001000	Optimal	24
10	00111001001	Optimal	24
10	00111001010	Optimal	24
10	00111001011	Optimal	24
10	00111001100	Optimal	24
10	00111001101	Optimal	24
10	00111001110	Optimal	24
10	00111001111	Optimal	28
10	00111010000	Optimal	28
10	00111010001	Optimal	24
10	00111010010	Optimal	24
10	00111010011	Optimal	24
10	00111010100	Optimal	24
10	00111010101	Optimal	24
10	00111010110	Optimal	24
10	00111010111	Optimal	24
10	00111011000	Optimal	24
10	00111011001	Optimal	24
10	00111011010	Optimal	24
10	00111011011	Optimal	24
10	00111011100	Optimal	24
10	00111011101	Optimal	24
10	00111011110	Optimal	28
10	00111011111	Optimal	30
10	00111100000	Optimal	30
10	00111100001	Optimal	28
10	00111100010	Optimal	28
10	00111100011	Optimal	28
10	00111100100	Optimal	28
10	00111100101	Optimal	28
10	00111100110	Optimal	28
10	00111100111	Optimal	28
10	00111101000	Optimal	28
10	00111101001	Optimal	28
10	00111101010	Optimal	28
10	00111101011	Optimal	28
10	00111101100	Optimal	28
10	00111101101	Optimal	28
10	00111101110	Optimal	28
10	00111101111	Optimal	28
10	00111110000	Optimal	30
10	00111110001	Optimal	30
10	00111110010	Optimal	30
10	00111110011	Optimal	30
10	00111110100	Optimal	30
10	00111110101	Optimal	30
10	00111110110	Optimal	30
10	00111110111	Optimal	30
10	00111111000	Optimal	30
10	00111111001	Optimal	30
10	00111111010	Optimal	30
10	00111111011	Optimal	30
10	00111111100	Optimal	28
10	00111111101	Optimal	28
10	00111111110	Optimal	24
10	00111111111	Optimal	18
10	01000000000	Optimal	18
10	01000000001	Optimal	24
10	01000000010	Optimal	28
10	01000000011	Optimal	28
10	01000000100	Optimal	30
10	01000000101	Optimal	30
10	01000000110	Optimal	30
10	01000000111	Optimal	30
10	01000001000	Optimal	30
10	01000001001	Optimal	30
10	01000001010	Optimal	30
10	01000001011	Optimal	30
10	01000001100	Optimal	30
10	01000001101	Optimal	30
10	01000001110	Optimal	30
10	01000001111	Optimal	30
10	01000010000	Optimal	28
10	01000010001	Optimal	28
10	01000010010	Optimal	28
10	01000010011	Optimal	28
10	01000010100	Optimal	28
10	01000010101	Optimal	28
10	01000010110	Optimal	28
10	01000010111	Optimal	28
10	01000011000	Optimal	28
10	01000011001	Optimal	28
10	01000011010	Optimal	28
10	01000011011	Optimal	28
10	01000011100	Optimal	28
10	01000011101	Optimal	28
10	01000011110	Optimal	28
10	01000011111	Optimal	30
10	01000100000	Optimal	30
10	01000100001	Optimal	28
10	01000100010	Optimal	24
10	01000100011	Optimal	24
10	01000100100	Optimal	24
10	01000100101	Optimal	24
10	01000100110	Optimal	24
10	01000100111	Optimal	24
10	01000101000	Optimal	24
10	01000101001	Optimal	24
10	01000101010	Optimal	24
10	01000101011	Optimal	24
10	01000101100	Optimal	24
10	01000101101	Optimal	24
10	01000101110	Optimal	24
10	01000101111	Optimal	28
10	01000110000	Optimal	28
10	01000110001	Optimal	24
10	01000110010	Optimal	24
10	01000110011	Optimal	24
10	01000110100	Optimal	24
10	01000110101	Optimal	24
10	01000110110	Optimal	24
10	01000110111	Optimal	24
10	01000111000	Optimal	24
10	01000111001	Optimal	24
10	01000111010	Optimal	24
10	01000111011	Optimal	24
10	01000111100	Optimal	28
10	01000111101	Optimal	28
10	01000111110	Optimal	30
10	01000111111	Optimal	30
10	01001000000	Optimal	30
10	01001000001	Optimal	30
10	01001000010	Optimal	28
10	01001000011	Optimal	28
10	01001000100	Optimal	24
10	01001000101	Optimal	24
10	01001000110	Optimal	24
10	01001000111	Optimal	24
10	01001001000	Optimal	24
10	01001001001	Optimal	18
10	01001001010	Optimal	18
10	01001001011	Optimal	18
10	01001001100	Optimal	18
10	01001001101	Optimal	18
10	01001001110	Optimal	24
10	01001001111	Optimal	28
10	01001010000	Optimal	28
10	01001010001	Optimal	24
10	01001010010	Optimal	18
10	01001010011	Optimal	18
10	01001010100	Optimal	18
10	01001010101	Optimal	18
10	01001010110	Optimal	18
10	01001010111	Optimal	24
10	01001011000	Optimal	24
10	01001011001	Optimal	18
10	01001011010	Optimal	18
10	01001011011	Optimal	18
10	01001011100	Optimal	24
10	01001011101	Optimal	24
10	01001011110	Optimal	28
10	01001011111	Optimal	30
10	01001100000	Optimal	30
10	01001100001	Optimal	28
10	01001100010	Optimal	24
10	01001100011	Optimal	24
10	01001100100	Optimal	18
10	01001100101	Optimal	18
10	01001100110	Optimal	18
10	01001100111	Optimal	24
10	01001101000	Optimal	24
10	01001101001	Optimal	18
10	01001101010	Optimal	18
10	01001101011	Optimal	18
10	01001101100	Optimal	18
10	01001101101	Optimal	18
10	01001101110	Optimal	24
10	01001101111	Optimal	28
10	01001110000	Optimal	28
10	01001110001	Optimal	24
10	01001110010	Optimal	24
10	01001110011	Optimal	24
10	01001110100	Optimal	24
10	01001110101	Optimal	24
10	01001110110	Optimal	24
10	01001110111	Optimal	24
10	01001111000	Optimal	28
10	01001111001	Optimal	28
10	01001111010	Optimal	28
10	01001111011	Optimal	28
10	01001111100	Optimal	30
10	01001111101	Optimal	30
10	01001111110	Optimal	30
10	01001111111	Optimal	28
10	01010000000	Optimal	28
10	01010000001	Optimal	30
10	01010000010	Optimal	30
10	01010000011	Optimal	30
10	01010000100	Optimal	28
10	01010000101	Optimal	28
10	01010000110	Optimal	28
10	01010000111	Optimal	28
10	01010001000	Optimal	24
10	01010001001	Optimal	24
10	01010001010	Optimal	24
10	01010001011	Optimal	24
10	01010001100	Optimal	24
10	01010001101	Optimal	24
10	01010001110	Optimal	24
10	01010001111	Optimal	28
10	01010010000	Optimal	28
10	01010010001	Optimal	24
10	01010010010	Optimal	18
10	01010010011	Optimal	18
10	01010010100	Optimal	18
10	01010010101	Optimal	18
10	01010010110	Optimal	18
10	01010010111	Optimal	24
10	01010011000	Optimal	24
10	01010011001	Optimal	18
10	01010011010	Optimal	18
10	01010011011	Optimal	18
10	01010011100	Optimal	24
10	01010011101	Optimal	24
10	01010011110	Optimal	28
10	01010011111	Optimal	30
10	01010100000	Optimal	30
10	01010100001	Optimal	28
10	01010100010	Optimal	24
10	01010100011	Optimal	24
10	01010100100	Optimal	18
10	01010100101	Optimal	18
10	01010100110	Optimal	18
10	01010100111	Optimal	24
10	01010101000	Optimal	24
10	01010101001	Optimal	18
10	01010101010	Optimal	10
10	01010101011	Optimal	18
10	01010101100	Optimal	18
10	01010101101	Optimal	18
10	01010101110	Optimal	24
10	01010101111	Optimal	28
10	01010110000	Optimal	28
10	01010110001	Optimal	24
10	01010110010	Optimal	18
10	01010110011	Optimal	18
10	01010110100	Optimal	18
10	01010110101	Optimal	18
10	01010110110	Optimal	18
10	01010110111	Optimal	24
10	01010111000	Optimal	24
10	01010111001	Optimal	24
10	01010111010	Optimal	24
10	01010111011	Optimal	24
10	01010111100	Optimal	28
10	01010111101	Optimal	28
10	01010111110	Optimal	30
10	01010111111	Optimal	30
10	01011000000	Optimal	30
10	01011000001	Optimal	30
10	01011000010	Optimal	28
10	01011000011	Optimal	28
10	01011000100	Optimal	24
10	01011000101	Optimal	24
10	01011000110	Optimal	24
10	01011000111	Optimal	24
10	01011001000	Optimal	24
10	01011001001	Optimal	18
10	01011001010	Optimal	18
10	01011001011	Optimal	18
10	01011001100	Optimal	18
10	01011001101	Optimal	18
10	01011001110	Optimal	24
10	01011001111	Optimal	28
10	01011010000	Optimal	28
10	01011010001	Optimal	24
10	01011010010	Optimal	18
10	01011010011	Optimal	18
10	01011010100	Optimal	18
10	01011010101	Optimal	18
10	01011010110	Optimal	18
10	01011010111	Optimal	24
10	01011011000	Optimal	24
10	01011011001	Optimal	18
10	01011011010	Optimal	18
10	01011011011	Optimal	18
10	01011011100	Optimal	24
10	01011011101	Optimal	24
10	01011011110	Optimal	28
10	01011011111	Optimal	30
10	01011100000	Optimal	30
10	01011100001	Optimal	28
10	01011100010	Optimal	24
10	01011100011	Optimal	24
10	01011100100	Optimal	24
10	01011100101	Optimal	24
10	01011100110	Optimal	24
10	01011100111	Optimal	24
10	01011101000	Optimal	24
10	01011101001	Optimal	24
10	01011101010	Optimal	24
10	01011101011	Optimal	24
10	01011101100	Optimal	24
10	01011101101	Optimal	24
10	01011101110	Optimal	24
10	01011101111	Optimal	28
10	01011110000	Optimal	28
10	01011110001	Optimal	28
10	01011110010	Optimal	28
10	01011110011	Optimal	28
10	01011110100	Optimal	28
10	01011110101	Optimal	28
10	01011110110	Optimal	28
10	01011110111	Optimal	28
10	01011111000	Optimal	30
10	01011111001	Optimal	30
10	01011111010	Optimal	30
10	01011111011	Optimal	30
10	01011111100	Optimal	30
10	01011111101	Optimal	30
10	01011111110	Optimal	28
10	01011111111	Optimal	24
10	01100000000	Optimal	24
10	01100000001	Optimal	28
10	01100000010	Optimal	30
10	01100000011	Optimal	30
10	01100000100	Optimal	30
10	01100000101	Optimal	30
10	01100000110	Optimal	30
10	01100000111	Optimal	30
10	01100001000	Optimal	28
10	01100001001	Optimal	28
10	01100001010	Optimal	28
10	01100001011	Optimal	28
10	01100001100	Optimal	28
10	01100001101	Optimal	28
10	01100001110	Optimal	28
10	01100001111	Optimal	28
10	01100010000	Optimal	28
10	01100010001	Optimal	24
10	01100010010	Optimal	24
10	01100010011	Optimal	24
10	01100010100	Optimal	24
10	01100010101	Optimal	24
10	01100010110	Optimal	24
10	01100010111	Optimal	24
10	01100011000	Optimal	24
10	01100011001	Optimal	24
10	01100011010	Optimal	24
10	01100011011	Optimal	24
10	01100011100	Optimal	24
10	01100011101	Optimal	24
10	01100011110	Optimal	28
10	01100011111	Optimal	30
10	01100100000	Optimal	30
10	01100100001	Optimal	28
10	01100100010	Optimal	24
10	01100100011	Optimal	24
10	01100100100	Optimal	18
10	01100100101	Optimal	18
10	01100100110	Optimal	18
10	01100100111	Optimal	24
10	01100101000	Optimal	24
10	01100101001	Optimal	18
10	01100101010	Optimal	18
10	01100101011	Optimal	18
10	01100101100	Optimal	18
10	01100101101	Optimal	18
10	01100101110	Optimal	24
10	01100101111	Optimal	28
10	01100110000	Optimal	28
10	01100110001	Optimal	24
10	01100110010	Optimal	18
10	01100110011	Optimal	18
10	01100110100	Optimal	18
10	01100110101	Optimal	18
10	01100110110	Optimal	18
10	01100110111	Optimal	24
10	01100111000	Optimal	24
10	01100111001	Optimal	24
10	01100111010	Optimal	24
10	01100111011	Optimal	24
10	01100111100	Optimal	28
10	01100111101	Optimal	28
10	01100111110	Optimal	30
10	01100111111	Optimal	30
10	01101000000	Optimal	30
10	01101000001	Optimal	30
10	01101000010	Optimal	28
10	01101000011	Optimal	28
10	01101000100	Optimal	24
10	01101000101	Optimal	24
10	01101000110	Optimal	24
10	01101000111	Optimal	24
10	01101001000	Optimal	24
10	01101001001	Optimal	18
10	01101001010	Optimal	18
10	01101001011	Optimal	18
10	01101001100	Optimal	18
10	01101001101	Optimal	18
10	01101001110	Optimal	24
10	01101001111	Optimal	28
10	01101010000	Optimal	28
10	01101010001	Optimal	24
10	01101010010	Optimal	18
10	01101010011	Optimal	18
10	01101010100	Optimal	18
10	01101010101	Optimal	18
10	01101010110	Optimal	18
10	01101010111	Optimal	24
10	01101011000	Optimal	24
10	01101011001	Optimal	18
10	01101011010	Optimal	18
10	01101011011	Optimal	18
10	01101011100	Optimal	24
10	01101011101	Optimal	24
10	01101011110	Optimal	28
10	01101011111	Optimal	30
10	01101100000	Optimal	30
10	01101100001	Optimal	28
10	01101100010	Optimal	24
10	01101100011	Optimal	24
10	01101100100	Optimal	18
10	01101100101	Optimal	18
10	01101100110	Optimal	18
10	01101100111	Optimal	24
10	01101101000	Optimal	24
10	01101101001	Optimal	18
10	01101101010	Optimal	18
10	01101101011	Optimal	18
10	01101101100	Optimal	18
10	01101101101	Optimal	18
10	01101101110	Optimal	24
10	01101101111	Optimal	28
10	01101110000	Optimal	28
10	01101110001	Optimal	24
10	01101110010	Optimal	24
10	01101110011	Optimal	24
10	01101110100	Optimal	24
10	01101110101	Optimal	24
10	01101110110	Optimal	24
10	01101110111	Optimal	24
10	01101111000	Optimal	28
10	01101111001	Optimal	28
10	01101111010	Optimal	28
10	01101111011	Optimal	28
10	01101111100	Optimal	30
10	01101111101	Optimal	30
10	01101111110	Optimal	30
10	01101111111	Optimal	28
10	01110000000	Optimal	28
10	01110000001	Optimal	30
10	01110000010	Optimal	30
10	01110000011	Optimal	30
10	01110000100	Optimal	28
10	01110000101	Optimal	28
10	01110000110	Optimal	28
10	01110000111	Optimal	28
10	01110001000	Optimal	24
10	01110001001	Optimal	24
10	01110001010	Optimal	24
10	01110001011	Optimal	24
10	01110001100	Optimal	24
10	01110001101	Optimal	24
10	01110001110	Optimal	24
10	01110001111	Optimal	28
10	01110010000	Optimal	28
10	01110010001	Optimal	24
10	01110010010	Optimal	24
10	01110010011	Optimal	24
10	01110010100	Optimal	24
10	01110010101	Optimal	24
10	01110010110	Optimal	24
10	01110010111	Optimal	24
10	01110011000	Optimal	24
10	01110011001	Optimal	24
10	01110011010	Optimal	24
10	01110011011	Optimal	24
10	01110011100	Optimal	24
10	01110011101	Optimal	24
10	01110011110	Optimal	28
10	01110011111	Optimal	30
10	01110100000	Optimal	30
10	01110100001	Optimal	28
10	01110100010	Optimal	24
10	01110100011	Optimal	24
10	01110100100	Optimal	24
10	01110100101	Optimal	24
10	01110100110	Optimal	24
10	01110100111	Optimal	24
10	01110101000	Optimal	24
10	01110101001	Optimal	24
10	01110101010	Optimal	24
10	01110101011	Optimal	24
10	01110101100	Optimal	24
10	01110101101	Optimal	24
10	01110101110	Optimal	24
10	01110101111	Optimal	28
10	01110110000	Optimal	28
10	01110110001	Optimal	24
10	01110110010	Optimal	24
10	01110110011	Optimal	24
10	01110110100	Optimal	24
10	01110110101	Optimal	24
10	01110110110	Optimal	24
10	01110110111	Optimal	24
10	01110111000	Optimal	24
10	01110111001	Optimal	24
10	01110111010	Optimal	24
10	01110111011	Optimal	24
10	01110111100	Optimal	28
10	01110111101	Optimal	28
10	01110111110	Optimal	30
10	01110111111	Optimal	30
10	01111000000	Optimal	30
10	01111000001	Optimal	30
10	01111000010	Optimal	28
10	01111000011	Optimal	28
10	01111000100	Optimal	28
10	01111000101	Optimal	28
10	01111000110	Optimal	28
10	01111000111	Optimal	28
10	01111001000	Optimal	28
10	01111001001	Optimal	28
10	01111001010	Optimal	28
10	01111001011	Optimal	28
10	01111001100	Optimal	28
10	01111001101	Optimal	28
10	01111001110	Optimal	28
10	01111001111	Optimal	28
10	01111010000	Optimal	28
10	01111010001	Optimal	28
10	01111010010	Optimal	28
10	01111010011	Optimal	28
10	01111010100	Optimal	28
10	01111010101	Optimal	28
10	01111010110	Optimal	28
10	01111010111	Optimal	28
10	01111011000	Optimal	28
10	01111011001	Optimal	28
10	01111011010	Optimal	28
10	01111011011	Optimal	28
10	01111011100	Optimal	28
10	01111011101	Optimal	28
10	01111011110	Optimal	28
10	01111011111	Optimal	30
10	01111100000	Optimal	30
10	01111100001	Optimal	30
10	01111100010	Optimal	30
10	01111100011	Optimal	30
10	01111100100	Optimal	30
10	01111100101	Optimal	30
10	01111100110	Optimal	30
10	01111100111	Optimal	30
10	01111101000	Optimal	30
10	01111101001	Optimal	30
10	01111101010	Optimal	30
10	01111101011	Optimal	30
10	01111101100	Optimal	30
10	01111101101	Optimal	30
10	01111101110	Optimal	30
10	01111101111	Optimal	30
10	01111110000	Optimal	30
10	01111110001	Optimal	30
10	01111110010	Optimal	30
10	01111110011	Optimal	30
10	01111110100	Optimal	30
10	01111110101	Optimal	30
10	01111110110	Optimal	30
10	01111110111	Optimal	30
10	01111111000	Optimal	28
10	01111111001	Optimal	28
10	01111111010	Optimal	28
10	01111111011	Optimal	28
10	01111111100	Optimal	24
10	01111111101	Optimal	24
10	01111111110	Optimal	18
10	01111111111	Optimal	10
10	10000000000	Optimal	10
10	10000000001	Optimal	18
10	10000000010	Optimal	24
10	10000000011	Optimal	24
10	10000000100	Optimal	28
10	10000000101	Optimal	28
10	10000000110	Optimal	28
10	10000000111	Optimal	28
10	10000001000	Optimal	30
10	10000001001	Optimal	30
10	10000001010	Optimal	30
10	10000001011	Optimal	30
10	10000001100	Optimal	30
10	10000001101	Optimal	30
10	10000001110	Optimal	30
10	10000001111	Optimal	30
10	10000010000	Optimal	30
10	10000010001	Optimal	30
10	10000010010	Optimal	30
10	10000010011	Optimal	30
10	10000010100	Optimal	30
10	10000010101	Optimal	30
10	10000010110	Optimal	30
10	10000010111	Optimal	30
10	10000011000	Optimal	30
10	10000011001	Optimal	30
10	10000011010	Optimal	30
10	10000011011	Optimal	30
10	10000011100	Optimal	30
10	10000011101	Optimal	30
10	10000011110	Optimal	30
10	10000011111	Optimal	30
10	10000100000	Optimal	30
10	10000100001	Optimal	28
10	10000100010	Optimal	28
10	10000100011	Optimal	28
10	10000100100	Optimal	28
10	10000100101	Optimal	28
10	10000100110	Optimal	28
10	10000100111	Optimal	28
10	10000101000	Optimal	28
10	10000101001	Optimal	28
10	10000101010	Optimal	28
10	10000101011	Optimal	28
10	10000101100	Optimal	28
10	10000101101	Optimal	28
10	10000101110	Optimal	28
10	10000101111	Optimal	28
10	10000110000	Optimal	28
10	10000110001	Optimal	28
10	10000110010	Optimal	28
10	10000110011	Optimal	28
10	10000110100	Optimal	28
10	10000110101	Optimal	28
10	10000110110	Optimal	28
10	10000110111	Optimal	28
10	10000111000	Optimal	28
10	10000111001	Optimal	28
10	10000111010	Optimal	28
10	10000111011	Optimal	28
10	10000111100	Optimal	28
10	10000111101	Optimal	28
10	10000111110	Optimal	30
10	10000111111	Optimal	30
10	10001000000	Optimal	30
10	10001000001	Optimal	30
10	10001000010	Optimal	28
10	10001000011	Optimal	28
10	10001000100	Optimal	24
10	10001000101	Optimal	24
10	10001000110	Optimal	24
10	10001000111	Optimal	24
10	10001001000	Optimal	24
10	10001001001	Optimal	24
10	10001001010	Optimal	24
10	10001001011	Optimal	24
10	10001001100	Optimal	24
10	10001001101	Optimal	24
10	10001001110	Optimal	24
10	10001001111	Optimal	28
10	10001010000	Optimal	28
10	10001010001	Optimal	24
10	10001010010	Optimal	24
10	10001010011	Optimal	24
10	10001010100	Optimal	24
10	10001010101	Optimal	24
10	10001010110	Optimal	24
10	10001010111	Optimal	24
10	10001011000	Optimal	24
10	10001011001	Optimal	24
10	10001011010	Optimal	24
10	10001011011	Optimal	24
10	10001011100	Optimal	24
10	10001011101	Optimal	24
10	10001011110	Optimal	28
10	10001011111	Optimal	30
10	10001100000	Optimal	30
10	10001100001	Optimal	28
10	10001100010	Optimal	24
10	10001100011	Optimal	24
10	10001100100	Optimal	24
10	10001100101	Optimal	24
10	10001100110	Optimal	24
10	10001100111	Optimal	24
10	10001101000	Optimal	24
10	10001101001	Optimal	24
10	10001101010	Optimal	24
10	10001101011	Optimal	24
10	10001101100	Optimal	24
10	10001101101	Optimal	24
10	10001101110	Optimal	24
10	10001101111	Optimal	28
10	10001110000	Optimal	28
10	10001110001	Optimal	24
10	10001110010	Optimal	24
10	10001110011	Optimal	24
10	10001110100	Optimal	24
10	10001110101	Optimal	24
10	10001110110	Optimal	24
10	10001110111	Optimal	24
10	10001111000	Optimal	28
10	10001111001	Optimal	28
10	10001111010	Optimal	28
10	10001111011	Optimal	28
10	10001111100	Optimal	30
10	10001111101	Optimal	30
10	10001111110	Optimal	30
10	10001111111	Optimal	28
10	10010000000	Optimal	28
10	10010000001	Optimal	30
10	10010000010	Optimal	30
10	10010000011	Optimal	30
10	10010000100	Optimal	28
10	10010000101	Optimal	28
10	10010000110	Optimal	28
10	10010000111	Optimal	28
10	10010001000	Optimal	24
10	10010001001	Optimal	24
10	10010001010	Optimal	24
10	10010001011	Optimal	24
10	10010001100	Optimal	24
10	10010001101	Optimal	24
10	10010001110	Optimal	24
10	10010001111	Optimal	28
10	10010010000	Optimal	28
10	10010010001	Optimal	24
10	10010010010	Optimal	18
10	10010010011	Optimal	18
10	10010010100	Optimal	18
10	10010010101	Optimal	18
10	10010010110	Optimal	18
10	10010010111	Optimal	24
10	10010011000	Optimal	24
10	10010011001	Optimal	18
10	10010011010	Optimal	18
10	10010011011	Optimal	18
10	10010011100	Optimal	24
10	10010011101	Optimal	24
10	10010011110	Optimal	28
10	10010011111	Optimal	30
10	10010100000	Optimal	30
10	10010100001	Optimal	28
10	10010100010	Optimal	24
10	10010100011	Optimal	24
10	10010100100	Optimal	18
10	10010100101	Optimal	18
10	10010100110	Optimal	18
10	10010100111	Optimal	24
10	10010101000	Optimal	24
10	10010101001	Optimal	18
10	10010101010	Optimal	18
10	10010101011	Optimal	18
10	10010101100	Optimal	18
10	10010101101	Optimal	18
10	10010101110	Optimal	24
10	10010101111	Optimal	28
10	10010110000	Optimal	28
10	10010110001	Optimal	24
10	10010110010	Optimal	18
10	10010110011	Optimal	18
10	10010110100	Optimal	18
10	10010110101	Optimal	18
10	10010110110	Optimal	18
10	10010110111	Optimal	24
10	10010111000	Optimal	24
10	10010111001	Optimal	24
10	10010111010	Optimal	24
10	10010111011	Optimal	24
10	10010111100	Optimal	28
10	10010111101	Optimal	28
10	10010111110	Optimal	30
10	10010111111	Optimal	30
10	10011000000	Optimal	30
10	10011000001	Optimal	30
10	10011000010	Optimal	28
10	10011000011	Optimal	28
10	10011000100	Optimal	24
10	10011000101	Optimal	24
10	10011000110	Optimal	24
10	10011000111	Optimal	24
10	10011001000	Optimal	24
10	10011001001	Optimal	18
10	10011001010	Optimal	18
10	10011001011	Optimal	18
10	10011001100	Optimal	18
10	10011001101	Optimal	18
10	10011001110	Optimal	24
10	10011001111	Optimal	28
10	10011010000	Optimal	28
10	10011010001	Optimal	24
10	10011010010	Optimal	18
10	10011010011	Optimal	18
10	10011010100	Optimal	18
10	10011010101	Optimal	18
10	10011010110	Optimal	18
10	10011010111	Optimal	24
10	10011011000	Optimal	24
10	10011011001	Optimal	18
10	10011011010	Optimal	18
10	10011011011	Optimal	18
10	10011011100	Optimal	24
10	10011011101	Optimal	24
10	10011011110	Optimal	28
10	10011011111	Optimal	30
10	10011100000	Optimal	30
10	10011100001	Optimal	28
10	10011100010	Optimal	24
10	10011100011	Optimal	24
10	10011100100	Optimal	24
10	10011100101	Optimal	24
10	10011100110	Optimal	24
10	10011100111	Optimal	24
10	10011101000	Optimal	24
10	10011101001	Optimal	24
10	10011101010	Optimal	24
10	10011101011	Optimal	24
10	10011101100	Optimal	24
10	10011101101	Optimal	24
10	10011101110	Optimal	24
10	10011101111	Optimal	28
10	10011110000	Optimal	28
10	10011110001	Optimal	28
10	10011110010	Optimal	28
10	10011110011	Optimal	28
10	10011110100	Optimal	28
10	10011110101	Optimal	28
10	10011110110	Optimal	28
10	10011110111	Optimal	28
10	10011111000	Optimal	30
10	10011111001	Optimal	30
10	10011111010	Optimal	30
10	10011111011	Optimal	30
10	10011111100	Optimal	30
10	10011111101	Optimal	30
10	10011111110	Optimal	28
10	10011111111	Optimal	24
10	10100000000	Optimal	24
10	10100000001	Optimal	28
10	10100000010	Optimal	30
10	10100000011	Optimal	30
10	10100000100	Optimal	30
10	10100000101	Optimal	30
10	10100000110	Optimal	30
10	10100000111	Optimal	30
10	10100001000	Optimal	28
10	10100001001	Optimal	28
10	10100001010	Optimal	28
10	10100001011	Optimal	28
10	10100001100	Optimal	28
10	10100001101	Optimal	28
10	10100001110	Optimal	28
10	10100001111	Optimal	28
10	10100010000	Optimal	28
10	10100010001	Optimal	24
10	10100010010	Optimal	24
10	10100010011	Optimal	24
10	10100010100	Optimal	24
10	10100010101	Optimal	24
10	10100010110	Optimal	24
10	10100010111	Optimal	24
10	10100011000	Optimal	24
10	10100011001	Optimal	24
10	10100011010	Optimal	24
10	10100011011	Optimal	24
10	10100011100	Optimal	24
10	10100011101	Optimal	24
10	10100011110	Optimal	28
10	10100011111	Optimal	30
10	10100100000	Optimal	30
10	10100100001	Optimal	28
10	10100100010	Optimal	24
10	10100100011	Optimal	24
10	10100100100	Optimal	18
10	10100100101	Optimal	18
10	10100100110	Optimal	18
10	10100100111	Optimal	24
10	10100101000	Optimal	24
10	10100101001	Optimal	18
10	10100101010	Optimal	18
10	10100101011	Optimal	18
10	10100101100	Optimal	18
10	10100101101	Optimal	18
10	10100101110	Optimal	24
10	10100101111	Optimal	28
10	10100110000	Optimal	28
10	10100110001	Optimal	24
10	10100110010	Optimal	18
10	10100110011	Optimal	18
10	10100110100	Optimal	18
10	10100110101	Optimal	18
10	10100110110	Optimal	18
10	10100110111	Optimal	24
10	10100111000	Optimal	24
10	10100111001	Optimal	24
10	10100111010	Optimal	24
10	10100111011	Optimal	24
10	10100111100	Optimal	28
10	10100111101	Optimal	28
10	10100111110	Optimal	30
10	10100111111	Optimal	30
10	10101000000	Optimal	30
10	10101000001	Optimal	30
10	10101000010	Optimal	28
10	10101000011	Optimal	28
10	10101000100	Optimal	24
10	10101000101	Optimal	24
10	10101000110	Optimal	24
10	10101000111	Optimal	24
10	10101001000	Optimal	24
10	10101001001	Optimal	18
10	10101001010	Optimal	18
10	10101001011	Optimal	18
10	10101001100	Optimal	18
10	10101001101	Optimal	18
10	10101001110	Optimal	24
10	10101001111	Optimal	28
10	10101010000	Optimal	28
10	10101010001	Optimal	24
10	10101010010	Optimal	18
10	10101010011	Optimal	18
10	10101010100	Optimal	18
10	10101010101	Optimal	10
10	10101010110	Optimal	18
10	10101010111	Optimal	24
10	10101011000	Optimal	24
10	10101011001	Optimal	18
10	10101011010	Optimal	18
10	10101011011	Optimal	18
10	10101011100	Optimal	24
10	10101011101	Optimal	24
10	10101011110	Optimal	28
10	10101011111	Optimal	30
10	10101100000	Optimal	30
10	10101100001	Optimal	28
10	10101100010	Optimal	24
10	10101100011	Optimal	24
10	10101100100	Optimal	18
10	10101100101	Optimal	18
10	10101100110	Optimal	18
10	10101100111	Optimal	24
10	10101101000	Optimal	24
10	10101101001	Optimal	18
10	10101101010	Optimal	18
10	10101101011	Optimal	18
10	10101101100	Optimal	18
10	10101101101	Optimal	18
10	10101101110	Optimal	24
10	10101101111	Optimal	28
10	10101110000	Optimal	28
10	10101110001	Optimal	24
10	10101110010	Optimal	24
10	10101110011	Optimal	24
10	10101110100	Optimal	24
10	10101110101	Optimal	24
10	10101110110	Optimal	24
10	10101110111	Optimal	24
10	10101111000	Optimal	28
10	10101111001	Optimal	28
10	10101111010	Optimal	28
10	10101111011	Optimal	28
10	10101111100	Optimal	30
10	10101111101	Optimal	30
10	10101111110	Optimal	30
10	10101111111	Optimal	28
10	10110000000	Optimal	28
10	10110000001	Optimal	30
10	10110000010	Optimal	30
10	10110000011	Optimal	30
10	10110000100	Optimal	28
10	10110000101	Optimal	28
10	10110000110	Optimal	28
10	10110000111	Optimal	28
10	10110001000	Optimal	24
10	10110001001	Optimal	24
10	10110001010	Optimal	24
10	10110001011	Optimal	24
10	10110001100	Optimal	24
10	10110001101	Optimal	24
10	10110001110	Optimal	24
10	10110001111	Optimal	28
10	10110010000	Optimal	28
10	10110010001	Optimal	24
10	10110010010	Optimal	18
10	10110010011	Optimal	18
10	10110010100	Optimal	18
10	10110010101	Optimal	18
10	10110010110	Optimal	18
10	10110010111	Optimal	24
10	10110011000	Optimal	24
10	10110011001	Optimal	18
10	10110011010	Optimal	18
10	10110011011	Optimal	18
10	10110011100	Optimal	24
10	10110011101	Optimal	24
10	10110011110	Optimal	28
10	10110011111	Optimal	30
10	10110100000	Optimal	30
10	10110100001	Optimal	28
10	10110100010	Optimal	24
10	10110100011	Optimal	24
10	10110100100	Optimal	18
10	10110100101	Optimal	18
10	10110100110	Optimal	18
10	10110100111	Optimal	24
10	10110101000	Optimal	24
10	10110101001	Optimal	18
10	10110101010	Optimal	18
10	10110101011	Optimal	18
10	10110101100	Optimal	18
10	10110101101	Optimal	18
10	10110101110	Optimal	24
10	10110101111	Optimal	28
10	10110110000	Optimal	28
10	10110110001	Optimal	24
10	10110110010	Optimal	18
10	10110110011	Optimal	18
10	10110110100	Optimal	18
10	10110110101	Optimal	18
10	10110110110	Optimal	18
10	10110110111	Optimal	24
10	10110111000	Optimal	24
10	10110111001	Optimal	24
10	10110111010	Optimal	24
10	10110111011	Optimal	24
10	10110111100	Optimal	28
10	10110111101	Optimal	28
10	10110111110	Optimal	30
10	10110111111	Optimal	30
10	10111000000	Optimal	30
10	10111000001	Optimal	30
10	10111000010	Optimal	28
10	10111000011	Optimal	28
10	10111000100	Optimal	24
10	10111000101	Optimal	24
10	10111000110	Optimal	24
10	10111000111	Optimal	24
10	10111001000	Optimal	24
10	10111001001	Optimal	24
10	10111001010	Optimal	24
10	10111001011	Optimal	24
10	10111001100	Optimal	24
10	10111001101	Optimal	24
10	10111001110	Optimal	24
10	10111001111	Optimal	28
10	10111010000	Optimal	28
10	10111010001	Optimal	24
10	10111010010	Optimal	24
10	10111010011	Optimal	24
10	10111010100	Optimal	24
10	10111010101	Optimal	24
10	10111010110	Optimal	24
10	10111010111	Optimal	24
10	10111011000	Optimal	24
10	10111011001	Optimal	24
10	10111011010	Optimal	24
10	10111011011	Optimal	24
10	10111011100	Optimal	24
10	10111011101	Optimal	24
10	10111011110	Optimal	28
10	10111011111	Optimal	30
10	10111100000	Optimal	30
10	10111100001	Optimal	28
10	10111100010	Optimal	28
10	10111100011	Optimal	28
10	10111100100	Optimal	28
10	10111100101	Optimal	28
10	10111100110	Optimal	28
10	10111100111	Optimal	28
10	10111101000	Optimal	28
10	10111101001	Optimal	28
10	10111101010	Optimal	28
10	10111101011	Optimal	28
10	10111101100	Optimal	28
10	10111101101	Optimal	28
10	10111101110	Optimal	28
10	10111101111	Optimal	28
10	10111110000	Optimal	30
10	10111110001	Optimal	30
10	10111110010	Optimal	30
10	10111110011	Optimal	30
10	10111110100	Optimal	30
10	10111110101	Optimal	30
10	10111110110	Optimal	30
10	10111110111	Optimal	30
10	10111111000	Optimal	30
10	10111111001	Optimal	30
10	10111111010	Optimal	30
10	10111111011	Optimal	30
10	10111111100	Optimal	28
10	10111111101	Optimal	28
10	10111111110	Optimal	24
10	10111111111	Optimal	18
10	11000000000	Optimal	18
10	11000000001	Optimal	24
10	11000000010	Optimal	28
10	11000000011	Optimal	28
10	11000000100	Optimal	30
10	11000000101	Optimal	30
10	11000000110	Optimal	30
10	11000000111	Optimal	30
10	11000001000	Optimal	30
10	11000001001	Optimal	30
10	11000001010	Optimal	30
10	11000001011	Optimal	30
10	11000001100	Optimal	30
10	11000001101	Optimal	30
10	11000001110	Optimal	30
10	11000001111	Optimal	30
10	11000010000	Optimal	28
10	11000010001	Optimal	28
10	11000010010	Optimal	28
10	11000010011	Optimal	28
10	11000010100	Optimal	28
10	11000010101	Optimal	28
10	11000010110	Optimal	28
10	11000010111	Optimal	28
10	11000011000	Optimal	28
10	11000011001	Optimal	28
10	11000011010	Optimal	28
10	11000011011	Optimal	28
10	11000011100	Optimal	28
10	11000011101	Optimal	28
10	11000011110	Optimal	28
10	11000011111	Optimal	30
10	11000100000	Optimal	30
10	11000100001	Optimal	28
10	11000100010	Optimal	24
10	11000100011	Optimal	24
10	11000100100	Optimal	24
10	11000100101	Optimal	24
10	11000100110	Optimal	24
10	11000100111	Optimal	24
10	11000101000	Optimal	24
10	11000101001	Optimal	24
10	11000101010	Optimal	24
10	11000101011	Optimal	24
10	11000101100	Optimal	24
10	11000101101	Optimal	24
10	11000101110	Optimal	24
10	11000101111	Optimal	28
10	11000110000	Optimal	28
10	11000110001	Optimal	24
10	11000110010	Optimal	24
10	11000110011	Optimal	24
10	11000110100	Optimal	24
10	11000110101	Optimal	24
10	11000110110	Optimal	24
10	11000110111	Optimal	24
10	11000111000	Optimal	24
10	11000111001	Optimal	24
10	11000111010	Optimal	24
10	11000111011	Optimal	24
10	11000111100	Optimal	28
10	11000111101	Optimal	28
10	11000111110	Optimal	30
10	11000111111	Optimal	30
10	11001000000	Optimal	30
10	11001000001	Optimal	30
10	11001000010	Optimal	28
10	11001000011	Optimal	28
10	11001000100	Optimal	24
10	11001000101	Optimal	24
10	11001000110	Optimal	24
10	11001000111	Optimal	24
10	11001001000	Optimal	24
10	11001001001	Optimal	18
10	11001001010	Optimal	18
10	11001001011	Optimal	18
10	11001001100	Optimal	18
10	11001001101	Optimal	18
10	11001001110	Optimal	24
10	11001001111	Optimal	28
10	11001010000	Optimal	28
10	11001010001	Optimal	24
10	11001010010	Optimal	18
10	11001010011	Optimal	18
10	11001010100	Optimal	18
10	11001010101	Optimal	18
10	11001010110	Optimal	18
10	11001010111	Optimal	24
10	11001011000	Optimal	24
10	11001011001	Optimal	18
10	11001011010	Optimal	18
10	11001011011	Optimal	18
10	11001011100	Optimal	24
10	11001011101	Optimal	24
10	11001011110	Optimal	28
10	11001011111	Optimal	30
10	11001100000	Optimal	30
10	11001100001	Optimal	28
10	11001100010	Optimal	24
10	11001100011	Optimal	24
10	11001100100	Optimal	18
10	11001100101	Optimal	18
10	11001100110	Optimal	18
10	11001100111	Optimal	24
10	11001101000	Optimal	24
10	11001101001	Optimal	18
10	11001101010	Optimal	18
10	11001101011	Optimal	18
10	11001101100	Optimal	18
10	11001101101	Optimal	18
10	11001101110	Optimal	24
10	11001101111	Optimal	28
10	11001110000	Optimal	28
10	11001110001	Optimal	24
10	11001110010	Optimal	24
10	11001110011	Optimal	24
10	11001110100	Optimal	24
10	11001110101	Optimal	24
10	11001110110	Optimal	24
10	11001110111	Optimal	24
10	11001111000	Optimal	28
10	11001111001	Optimal	28
10	11001111010	Optimal	28
10	11001111011	Optimal	28
10	11001111100	Optimal	30
10	11001111101	Optimal	30
10	11001111110	Optimal	30
10	11001111111	Optimal	28
10	11010000000	Optimal	28
10	11010000001	Optimal	30
10	11010000010	Optimal	30
10	11010000011	Optimal	30
10	11010000100	Optimal	28
10	11010000101	Optimal	28
10	11010000110	Optimal	28
10	11010000111	Optimal	28
10	11010001000	Optimal	24
10	11010001001	Optimal	24
10	11010001010	Optimal	24
10	11010001011	Optimal	24
10	11010001100	Optimal	24
10	11010001101	Optimal	24
10	11010001110	Optimal	24
10	11010001111	Optimal	28
10	11010010000	Optimal	28
10	11010010001	Optimal	24
10	11010010010	Optimal	18
10	11010010011	Optimal	18
10	11010010100	Optimal	18
10	11010010101	Optimal	18
10	11010010110	Optimal	18
10	11010010111	Optimal	24
10	11010011000	Optimal	24
10	11010011001	Optimal	18
10	11010011010	Optimal	18
10	11010011011	Optimal	18
10	11010011100	Optimal	24
10	11010011101	Optimal	24
10	11010011110	Optimal	28
10	11010011111	Optimal	30
10	11010100000	Optimal	30
10	11010100001	Optimal	28
10	11010100010	Optimal	24
10	11010100011	Optimal	24
10	11010100100	Optimal	18
10	11010100101	Optimal	18
10	11010100110	Optimal	18
10	11010100111	Optimal	24
10	11010101000	Optimal	24
10	11010101001	Optimal	18
10	11010101010	Optimal	18
10	11010101011	Optimal	18
10	11010101100	Optimal	18
10	11010101101	Optimal	18
10	11010101110	Optimal	24
10	11010101111	Optimal	28
10	11010110000	Optimal	28
10	11010110001	Optimal	24
10	11010110010	Optimal	18
10	11010110011	Optimal	18
10	11010110100	Optimal	18
10	11010110101	Optimal	18
10	11010110110	Optimal	18
10	11010110111	Optimal	24
10	11010111000	Optimal	24
10	11010111001	Optimal	24
10	11010111010	Optimal	24
10	11010111011	Optimal	24
10	11010111100	Optimal	28
10	11010111101	Optimal	28
10	11010111110	Optimal	30
10	11010111111	Optimal	30
10	11011000000	Optimal	30
10	11011000001	Optimal	30
10	11011000010	Optimal	28
10	11011000011	Optimal	28
10	11011000100	Optimal	24
10	11011000101	Optimal	24
10	11011000110	Optimal	24
10	11011000111	Optimal	24
10	11011001000	Optimal	24
10	11011001001	Optimal	18
10	11011001010	Optimal	18
10	11011001011	Optimal	18
10	11011001100	Optimal	18
10	11011001101	Optimal	18
10	11011001110	Optimal	24
10	11011001111	Optimal	28
10	11011010000	Optimal	28
10	11011010001	Optimal	24
10	11011010010	Optimal	18
10	11011010011	Optimal	18
10	11011010100	Optimal	18
10	11011010101	Optimal	18
10	11011010110	Optimal	18
10	11011010111	Optimal	24
10	11011011000	Optimal	24
10	11011011001	Optimal	18
10	11011011010	Optimal	18
10	11011011011	Optimal	18
10	11011011100	Optimal	24
10	11011011101	Optimal	24
10	11011011110	Optimal	28
10	11011011111	Optimal	30
10	11011100000	Optimal	30
10	11011100001	Optimal	28
10	11011100010	Optimal	24
10	11011100011	Optimal	24
10	11011100100	Optimal	24
10	11011100101	Optimal	24
10	11011100110	Optimal	24
10	11011100111	Optimal	24
10	11011101000	Optimal	24
10	11011101001	Optimal	24
10	11011101010	Optimal	24
10	11011101011	Optimal	24
10	11011101100	Optimal	24
10	11011101101	Optimal	24
10	11011101110	Optimal	24
10	11011101111	Optimal	28
10	11011110000	Optimal	28
10	11011110001	Optimal	28
10	11011110010	Optimal	28
10	11011110011	Optimal	28
10	11011110100	Optimal	28
10	11011110101	Optimal	28
10	11011110110	Optimal	28
10	11011110111	Optimal	28
10	11011111000	Optimal	30
10	11011111001	Optimal	30
10	11011111010	Optimal	30
10	11011111011	Optimal	30
10	11011111100	Optimal	30
10	11011111101	Optimal	30
10	11011111110	Optimal	28
10	11011111111	Optimal	24
10	11100000000	Optimal	24
10	11100000001	Optimal	28
10	11100000010	Optimal	30
10	11100000011	Optimal	30
10	11100000100	Optimal	30
10	11100000101	Optimal	30
10	11100000110	Optimal	30
10	11100000111	Optimal	30
10	11100001000	Optimal	28
10	11100001001	Optimal	28
10	11100001010	Optimal	28
10	11100001011	Optimal	28
10	11100001100	Optimal	28
10	11100001101	Optimal	28
10	11100001110	Optimal	28
10	11100001111	Optimal	28
10	11100010000	Optimal	28
10	11100010001	Optimal	24
10	11100010010	Optimal	24
10	11100010011	Optimal	24
10	11100010100	Optimal	24
10	11100010101	Optimal	24
10	11100010110	Optimal	24
10	11100010111	Optimal	24
10	11100011000	Optimal	24
10	11100011001	Optimal	24
10	11100011010	Optimal	24
10	11100011011	Optimal	24
10	11100011100	Optimal	24
10	11100011101	Optimal	24
10	11100011110	Optimal	28
10	11100011111	Optimal	30
10	11100100000	Optimal	30
10	11100100001	Optimal	28
10	11100100010	Optimal	24
10	11100100011	Optimal	24
10	11100100100	Optimal	24
10	11100100101	Optimal	24
10	11100100110	Optimal	24
10	11100100111	Optimal	24
10	11100101000	Optimal	24
10	11100101001	Optimal	24
10	11100101010	Optimal	24
10	11100101011	Optimal	24
10	11100101100	Optimal	24
10	11100101101	Optimal	24
10	11100101110	Optimal	24
10	11100101111	Optimal	28
10	11100110000	Optimal	28
10	11100110001	Optimal	24
10	11100110010	Optimal	24
10	11100110011	Optimal	24
10	11100110100	Optimal	24
10	11100110101	Optimal	24
10	11100110110	Optimal	24
10	11100110111	Optimal	24
10	11100111000	Optimal	24
10	11100111001	Optimal	24
10	11100111010	Optimal	24
10	11100111011	Optimal	24
10	11100111100	Optimal	28
10	11100111101	Optimal	28
10	11100111110	Optimal	30
10	11100111111	Optimal	30
10	11101000000	Optimal	30
10	11101000001	Optimal	30
10	11101000010	Optimal	28
10	11101000011	Optimal	28
10	11101000100	Optimal	24
10	11101000101	Optimal	24
10	11101000110	Optimal	24
10	11101000111	Optimal	24
10	11101001000	Optimal	24
10	11101001001	Optimal	24
10	11101001010	Optimal	24
10	11101001011	Optimal	24
10	11101001100	Optimal	24
10	11101001101	Optimal	24
10	11101001110	Optimal	24
10	11101001111	Optimal	28
10	11101010000	Optimal	28
10	11101010001	Optimal	24
10	11101010010	Optimal	24
10	11101010011	Optimal	24
10	11101010100	Optimal	24
10	11101010101	Optimal	24
10	11101010110	Optimal	24
10	11101010111	Optimal	24
10	11101011000	Optimal	24
10	11101011001	Optimal	24
10	11101011010	Optimal	24
10	11101011011	Optimal	24
10	11101011100	Optimal	24
10	11101011101	Optimal	24
10	11101011110	Optimal	28
10	11101011111	Optimal	30
10	11101100000	Optimal	30
10	11101100001	Optimal	28
10	11101100010	Optimal	24
10	11101100011	Optimal	24
10	11101100100	Optimal	24
10	11101100101	Optimal	24
10	11101100110	Optimal	24
10	11101100111	Optimal	24
10	11101101000	Optimal	24
10	11101101001	Optimal	24
10	11101101010	Optimal	24
10	11101101011	Optimal	24
10	11101101100	Optimal	24
10	11101101101	Optimal	24
10	11101101110	Optimal	24
10	11101101111	Optimal	28
10	11101110000	Optimal	28
10	11101110001	Optimal	24
10	11101110010	Optimal	24
10	11101110011	Optimal	24
10	11101110100	Optimal	24
10	11101110101	Optimal	24
10	11101110110	Optimal	24
10	11101110111	Optimal	24
10	11101111000	Optimal	28
10	11101111001	Optimal	28
10	11101111010	Optimal	28
10	11101111011	Optimal	28
10	11101111100	Optimal	30
10	11101111101	Optimal	30
10	11101111110	Optimal	30
10	11101111111	Optimal	28
10	11110000000	Optimal	28
10	11110000001	Optimal	30
10	11110000010	Optimal	30
10	11110000011	Optimal	30
10	11110000100	Optimal	28
10	11110000101	Optimal	28
10	11110000110	Optimal	28
10	11110000111	Optimal	28
10	11110001000	Optimal	28
10	11110001001	Optimal	28
10	11110001010	Optimal	28
10	11110001011	Optimal	28
10	11110001100	Optimal	28
10	11110001101	Optimal	28
10	11110001110	Optimal	28
10	11110001111	Optimal	28
10	11110010000	Optimal	28
10	11110010001	Optimal	28
10	11110010010	Optimal	28
10	11110010011	Optimal	28
10	11110010100	Optimal	28
10	11110010101	Optimal	28
10	11110010110	Optimal	28
10	11110010111	Optimal	28
10	11110011000	Optimal	28
10	11110011001	Optimal	28
10	11110011010	Optimal	28
10	11110011011	Optimal	28
10	11110011100	Optimal	28
10	11110011101	Optimal	28
10	11110011110	Optimal	28
10	11110011111	Optimal	30
10	11110100000	Optimal	30
10	11110100001	Optimal	28
10	11110100010	Optimal	28
10	11110100011	Optimal	28
10	11110100100	Optimal	28
10	11110100101	Optimal	28
10	11110100110	Optimal	28
10	11110100111	Optimal	28
10	11110101000	Optimal	28
10	11110101001	Optimal	28
10	11110101010	Optimal	28
10	11110101011	Optimal	28
10	11110101100	Optimal	28
10	11110101101	Optimal	28
10	11110101110	Optimal	28
10	11110101111	Optimal	28
10	11110110000	Optimal	28
10	11110110001	Optimal	28
10	11110110010	Optimal	28
10	11110110011	Optimal	28
10	11110110100	Optimal	28
10	11110110101	Optimal	28
10	11110110110	Optimal	28
10	11110110111	Optimal	28
10	11110111000	Optimal	28
10	11110111001	Optimal	28
10	11110111010	Optimal	28
10	11110111011	Optimal	28
10	11110111100	Optimal	28
10	11110111101	Optimal	28
10	11110111110	Optimal	30
10	11110111111	Optimal	30
10	11111000000	Optimal	30
10	11111000001	Optimal	30
10	11111000010	Optimal	30
10	11111000011	Optimal	30
10	11111000100	Optimal	30
10	11111000101	Optimal	30
10	11111000110	Optimal	30
10	11111000111	Optimal	30
10	11111001000	Optimal	30
10	11111001001	Optimal	30
10	11111001010	Optimal	30
10	11111001011	Optimal	30
10	11111001100	Optimal	30
10	11111001101	Optimal	30
10	11111001110	Optimal	30
10	11111001111	Optimal	30
10	11111010000	Optimal	30
10	11111010001	Optimal	30
10	11111010010	Optimal	30
10	11111010011	Optimal	30
10	11111010100	Optimal	30
10	11111010101	Optimal	30
10	11111010110	Optimal	30
10	11111010111	Optimal	30
10	11111011000	Optimal	30
10	11111011001	Optimal	30
10	11111011010	Optimal	30
10	11111011011	Optimal	30
10	11111011100	Optimal	30
10	11111011101	Optimal	30
10	11111011110	Optimal	30
10	11111011111	Optimal	30
10	11111100000	Optimal	30
10	11111100001	Optimal	30
10	11111100010	Optimal	30
10	11111100011	Optimal	30
10	11111100100	Optimal	30
10	11111100101	Optimal	30
10	11111100110	Optimal	30
10	11111100111	Optimal	30
10	11111101000	Optimal	30
10	11111101001	Optimal	30
10	11111101010	Optimal	30
10	11111101011	Optimal	30
10	11111101100	Optimal	30
10	11111101101	Optimal	30
10	11111101110	Optimal	30
10	11111101111	Optimal	30
10	11111110000	Optimal	28
10	11111110001	Optimal	28
10	11111110010	Optimal	28
10	11111110011	Optimal	28
10	11111110100	Optimal	28
10	11111110101	Optimal	28
10	11111110110	Optimal	28
10	11111110111	Optimal	28
10	11111111000	Optimal	24
10	11111111001	Optimal	24
10	11111111010	Optimal	24
10	11111111011	Optimal	24
10	11111111100	Optimal	18
10	11111111101	Optimal	18
10	11111111110	Optimal	10
